x [479,588][489,598] 59
France [499,588][546,599] 96
1.83 [874,588][902,599] 96
Full [499,608][519,618] 96
Time [524,608][554,618] 95
Result [559,608][595,618] 96
Belgium [499,626][540,638] 89
France [555,626][588,635] 96
v [545,629][550,635] 89
eas” [485,671][543,695] 48
Platinum [555,674][600,682] 91
£60,025.90 [606,674][662,683] 92
£0.50 [829,682][854,689] 95
Last [555,691][572,698] 96
00:02:36 [600,691][637,698] 96
won: [575,693][596,698] 96
~ [483,697][487,698] 56
® [480,700][490,707] 51
Place [769,741][808,757] 96
Bet [816,741][841,757] 95
Stake [510,742][554,755] 95
Set [479,743][504,755] 96