720x1600
07:10 [56,14][117,37]
G [30,82][59,114]
o [107,85][134,109]
bet365.com/#/AC/B1 [153,85][427,109]
bet365 [19,176][169,208]
Popular [35,412][112,435]
FIBA [133,268][179,288]
Intercontinental [186,268][340,288]
Cup [348,268][386,288]
27 [407,268][430,288]
Sep [437,268][473,288]
07:30 [481,268][535,288]
Game [39,523][108,546]
Lines [119,522][183,545]
Bet [155,413][186,430]
Builder [194,413][262,432]
Game [305,415][362,431]
Team [404,415][458,431]
Boca [40,672][91,689]
Juniors [99,672][178,689]
RSSB [39,754][94,777]
Tigers [101,755][168,778]
Boca [167,325][231,353]
Juniors [241,325][341,353]
vs [349,325][379,353]
RSSB [389,325][461,353]
Tigers [470,325][554,353]
1st [40,1070][77,1091]
Half [86,1070][137,1091]
Home [44,1473][92,1486]
Boca [39,1218][91,1235]
Juniors [99,1218][178,1235]
RSSB [39,1299][95,1320]
Tigers [102,1301][168,1322]
Spread [287,601][356,623]
Alternative [38,856][175,883]
Point [185,856][249,883]
Spread [257,856][344,883]
-9.5 [305,655][340,671]
Alternative [38,963][175,984]
Game [184,963][256,984]
Total [263,963][324,984]
All [185,1470][204,1490]
Sports [202,1470][256,1490]
1.83 [301,688][344,705]
+9.5 [301,740][343,756]
1.83 [301,773][344,790]
Spread [287,1147][356,1169]
-4.5 [304,1201][340,1217]
1.83 [301,1234][345,1251]
+4.5 [301,1286][343,1302]
1.83 [301,1317][342,1337]
Ca [481,15][504,38]
l [559,15][565,38]
100% [586,15][647,38]
(o) [345,1419][388,1449]
+ [476,83][505,112]
In-Play [338,1472][396,1490]
Total [449,601][497,618]
O [437,655][449,671]
184.5 [458,655][512,671]
1.83 [452,688][496,705]
U [452,736][458,758]
184.5 [458,736][511,758]
1.83 [452,773][496,790]
Total [449,1147][498,1164]
Quarter [500,414][574,432]
O [443,1201][456,1217]
91.5 [464,1201][505,1217]
1.83 [452,1234][496,1251]
U91.5 [444,1286][505,1302]
1.83 [452,1319][496,1336]
£4.07 [536,180][588,199]
(+) [598,180][621,200]
14 [577,92][594,104]
My [476,1473][501,1489]
Bets [507,1473][543,1489]
Half [617,414][657,431]
Money [569,601][636,623]
Li.. [643,601][675,623]
1.22 [604,672][648,689]
3.90 [603,757][648,774]
V [660,530][683,542]
1.38 [604,1218][648,1235]
Money [569,1144][636,1170]
Li. [650,1144][668,1170]
2.80 [603,1303][648,1320]
V [660,968][683,981]
Casino [623,1472][680,1486]
