x [479,588][489,598] 60
Draw [499,588][537,599] 95
3.50 [874,588][902,599] 95
Full [499,608][519,618] 96
Time [524,608][554,618] 95
Result [559,608][595,618] 96
Turkiye [498,626][536,638] 53
Italy [550,626][570,638] 79
v [540,629][542,635] 93
Platinum [555,674][600,682] 90
£81,720.55 [606,674][661,683] 90
£0.50 [829,682][854,689] 96
Last [555,691][571,698] 96
00:02 [601,691][623,698] 96
= [633,691][636,693] 68
won [584,693][593,698] 96
6 [633,694][637,697] 96
Stake [477,733][503,741] 95
Place [769,735][809,747] 96
Bet [815,736][841,747] 96
£0.10 [478,750][525,763] 96
To [763,756][775,764] 97
Return [779,756][812,764] 95
£0.35 [817,756][843,764] 95