X< [479,588][489,598] 31
Sweden [499,588][555,599] 96
0.0 [560,588][581,599] 96
1.475 [866,588][902,599] 96
Asian [498,608][531,618] 95
Handicap [536,608][592,621] 96
v [540,625][545,638] 90
Sweden [499,626][539,635] 93
Poland [553,626][587,635] 96
eas” [485,671][543,695] 48
Platinum [555,674][600,682] 91
£81,739.23 [606,674][661,683] 91
£0.50 [829,682][854,689] 95
Last [555,691][572,698] 96
00:02:36 [600,691][637,698] 96
won: [575,693][596,698] 96
~ [483,697][487,698] 56
® [480,700][490,707] 51
Place [769,741][808,757] 96
Bet [816,741][841,757] 95
Stake [510,742][554,755] 95
Set [479,743][504,755] 96