720x1600
10:28 [56,16][121,37]
O [133,16][154,37]
o [107,85][134,109]
bet365.com/#/AC/B1 [153,85][427,109]
Austria [193,180][262,205]
Landesliga [271,180][377,205]
27 [402,180][423,205]
Sep [435,180][469,205]
11:00 [473,180][526,205]
Full [47,438][92,466]
Time [90,438][153,466]
Result [163,438][240,466]
Popular [35,327][110,352]
Bet [156,330][187,346]
Builder [195,330][261,346]
Result [307,330][367,346]
Goals [409,330][464,346]
Half [507,329][544,346]
ATSV [53,512][112,535]
Salzburg [118,513][210,537]
3.30 [110,553][155,570]
ATSV [120,237][194,267]
Salzburg [203,237][319,267]
v [328,237][343,267]
Union [353,237][427,267]
Henndorf [438,237][563,267]
v [594,237][603,267]
Double [39,634][125,655]
Chance [134,634][227,655]
2.5 [88,887][118,905]
Goals [39,741][108,764]
Over/Under [118,741][260,764]
Correct [39,990][131,1010]
Score [140,990][211,1010]
ATSV [114,1081][171,1103]
Salzburg [176,1081][264,1103]
Others [38,1356][107,1378]
on [116,1357][140,1379]
Request [149,1357][235,1379]
> [247,1359][251,1380]
Draw [335,516][387,533]
4.75 [337,551][382,569]
Over [295,819][340,835]
Co [481,15][506,39]
R.ll [528,15][574,39]
100% [584,15][649,39]
1.28 [296,889][340,906]
+ [476,83][505,112]
34.00 [331,1269][389,1286]
Half [39,1456][90,1477]
Time [97,1456][160,1477]
Correct [169,1456][261,1477]
Score [270,1456][341,1477]
14 [577,92][594,104]
Union [504,515][564,533]
Henndorf [573,515][673,533]
Asian [588,330][642,346]
Lines [651,330][702,346]
0 [521,1150][539,1176]
Main [495,1459][538,1474]
1.66 [566,551][608,570]
Under [544,818][603,835]
Main [495,991][538,1006]
All [574,991][597,1006]
3.50 [551,889][596,906]
Union [452,1081][508,1098]
Henndorf [517,1081][610,1098]
All [583,1457][605,1476]
