x [479,588][489,598] 45
Hungary [499,588][562,602] 96
2.62 [874,588][902,599] 96
Full [499,608][519,618] 96
Time [524,608][554,618] 95
Result [559,608][595,618] 96
Northern [499,626][546,635] 96
Ireland [551,626][585,635] 80
Hungary [600,626][643,638] 96
v [590,629][595,635] 93
Gold [554,674][578,682] 93
£6,273.27 [584,674][633,683] 91
£0.50 [829,682][854,689] 96
Last [555,691][571,698] 96
16:52 [612,691][633,698] 96
won [584,693][593,698] 96
Stake [477,733][503,741] 95
Place [769,735][809,747] 96
Bet [815,736][841,747] 96
£0.10 [478,750][525,763] 96
To [763,756][775,764] 96
Return [779,756][812,764] 96
£0.26 [817,756][844,764] 95