720x1600
23239 [56,17][125,36]
0 [168,16][189,37]
43nd” [514,15][567,37]
100%. [579,16][665,36]
ED [31,81][60,114]
A192.168.4.108:8767/ni [105,84][427,110]
+ [476,83][505,112]
 [0,0][720,156]
FIXTURES [41,197][250,230]
Code [63,292][142,318]
6987 [155,293][231,318]
League [64,344][176,376]
Academy [187,343][334,376]
Home [64,395][156,420]
Birch [169,394][244,420]
Town [256,395][339,420]
Away [62,447][146,479]
Cedar [158,446][248,472]
City [260,447][317,479]
Code [63,552][142,578]
6988 [155,553][230,578]
League [64,604][176,636]
Junior [187,604][285,629]
Home [64,655][156,680]
Birch [169,654][244,680]
Youth [256,654][345,680]
Away [62,707][146,739]
Cedar [158,706][248,732]
City [260,707][317,739]
Code [63,811][142,837]
6989 [155,812][230,837]
League [64,864][176,896]
Academy [187,863][334,896]
Home [64,915][156,940]
Willow [167,914][269,940]
Town [280,915][362,940]
Away [62,967][146,999]
Harbor [158,966][264,992]
City [276,967][333,999]
