Xx [479,588][489,598] 59
Under [499,588][543,599] 96
2.5 [548,588][569,599] 96
2.35 [874,588][902,599] 94
Total [498,608][527,618] 96
Goals [532,608][565,618] 96
v [540,625][545,638] 90
Sweden [499,626][539,635] 93
Poland [553,626][587,635] 96
eas” [485,671][543,695] 48
Platinum [555,674][600,682] 88
£61,531.87 [606,674][662,683] 93
£0.50 [829,682][854,689] 95
Last [555,691][572,698] 96
00:02:36 [600,691][637,698] 96
won: [575,693][596,698] 96
~ [483,697][487,698] 56
® [480,700][490,707] 51
Place [769,741][808,757] 96
Bet [816,741][841,757] 95
Stake [510,742][554,755] 95
Set [479,743][504,755] 96