720x1600
23236 [56,17][125,36]
0 [168,16][189,37]
43nd” [514,15][567,37]
100%. [579,16][665,36]
ED [31,81][60,114]
A192.168.4.108:8767/ni [105,84][427,110]
+ [476,83][505,112]
 [0,0][720,156]
FIXTURES [41,197][250,230]
Code [63,292][142,318]
5866 [155,293][231,318]
League [64,344][176,376]
Academy [187,343][334,376]
Home [64,395][156,420]
Elm [169,394][224,420]
Town [235,395][318,420]
Away [62,447][146,479]
Willow [157,446][259,472]
City [271,447][329,479]
Code [63,552][142,578]
5867 [155,553][231,578]
League [64,604][176,636]
Academy [187,603][334,636]
Home [64,655][156,680]
Elm [169,654][224,680]
Town [235,655][318,680]
Away [62,707][146,739]
Willow [157,706][259,732]
City [271,707][329,739]
Code [63,811][142,837]
5868 [155,812][230,837]
League [64,864][176,896]
Academy [187,863][334,896]
Home [64,915][156,940]
Meadow [169,914][301,940]
Town [311,915][394,940]
Away [62,967][146,999]
Birch [158,966][234,992]
City [247,967][305,999]
