720x1600
11:46 [56,17][116,36]
o [107,85][134,109]
bet365.com/#/AC/B1 [153,85][427,109]
bet365 [19,176][169,209]
Popular [35,412][112,435]
Bet [155,413][187,431]
Builder [194,413][261,433]
Game [305,415][362,431]
Game [39,523][108,546]
Lines [119,522][183,545]
Poland [178,268][244,289]
1 [253,268][260,289]
Liga [271,268][311,289]
Women [318,268][393,289]
27 [414,268][438,289]
Sep [445,268][481,289]
12:00 [490,268][543,289]
LKS [39,670][80,693]
KK [88,670][117,693]
Lodz [125,670][175,693]
(W) [184,670][219,693]
Home [44,1473][92,1486]
LKS [81,324][132,353]
KK [142,324][179,353]
Lodz [188,324][250,353]
(W) [260,324][305,353]
vs [314,324][344,353]
Sparta [353,324][440,353]
Ziebice [450,324][547,353]
(W) [557,324][602,353]
Sparta [39,755][107,779]
Ziebice [116,755][193,779]
(W) [201,755][237,779]
All [185,1470][204,1490]
Sports [202,1470][256,1490]
Spread [286,598][355,623]
+5.0 [301,655][343,671]
1.83 [301,688][345,705]
-5.0 [304,740][340,756]
1.83 [301,773][344,790]
Ca [481,15][504,38]
l [559,15][565,38]
100% [587,15][648,38]
((o) [345,1419][388,1449]
+ [476,83][505,112]
In-Play [338,1472][396,1489]
Total [448,599][497,617]
O [437,655][449,671]
136.5 [458,655][512,671]
1.83 [452,688][495,705]
U [452,737][458,759]
136.5 [458,737][512,759]
£4.07 [536,179][588,199]
(+) [598,180][620,200]
1.83 [452,773][496,790]
17 [577,92][594,104]
My [476,1473][501,1489]
Bets [507,1473][543,1489]
Money [569,597][637,626]
Li. [651,597][665,626]
2.62 [603,672][648,689]
V [660,530][683,542]
1.44 [604,757][649,774]
Casino [623,1472][680,1486]
