720x1600
23238 [56,17][125,36]
0 [168,16][189,37]
”$4” [514,15][567,37]
100%. [579,16][665,36]
ED [31,81][60,114]
A192.168.4.108:8767/nr [105,84][427,110]
+ [476,83][505,112]
 [0,0][720,156]
FIXTURES [41,197][250,230]
Code [63,292][142,318]
7680 [154,293][230,318]
League [64,344][176,376]
Academy [187,343][334,376]
Home [64,395][156,420]
Cedar [168,394][259,420]
Town [268,395][351,420]
Away [62,447][146,479]
Harbor [158,446][264,472]
City [276,447][333,479]
Code [63,552][142,578]
7681 [154,553][225,578]
League [64,604][176,636]
Junior [187,604][285,629]
Home [64,655][156,680]
Cedar [168,654][259,680]
Youth [269,654][357,680]
Away [62,707][146,739]
Harbor [158,706][264,732]
City [276,707][333,739]
Code [63,811][142,837]
7682 [154,812][231,837]
League [64,864][176,896]
Academy [187,863][334,896]
Home [64,915][156,940]
Birch [169,914][244,940]
Town [256,915][339,940]
Away [62,967][146,999]
River [158,967][233,992]
City [245,967][302,999]
