720x1600
1 [56,17][64,36]
®® [164,14][218,39]
- [234,22][242,30]
”arm” [514,15][567,37]
100%- [579,16][665,36]
ED [31,81][60,114]
A192.168.4.108:8767/m [105,84][427,110]
+ [476,83][505,112]
 [0,0][720,156]
EVENT [41,197][181,230]
Code [40,267][118,293]
7589 [130,268][206,293]
League [41,327][152,359]
Academy [163,326][310,359]
Time [38,386][116,411]
17:45 [129,386][213,411]
Home [41,445][132,470]
Elm [145,444][200,470]
Town [211,445][294,470]
Away [38,504][122,536]
Willow [133,503][235,529]
City [247,504][305,536]
MARKETS [66,604][240,632]
