720x1600
19146 [56,17][121,36]
8>® [165,14][219,39]
o [235,22][243,30]
31.11 [514,15][567,37]
10070. [579,16][665,36]
n [31,81][60,114]
A 192.168.11.10828767/[11 [105,84][427,110]
+ [476,83][505,112]
MARKETS [41,197][253,230]
Match winner [40,277][289,307]
HOME [40,348][132,372]
NONE [219,350][325,379]
1.91 [360,350][428,379]
SUSPENDED [470,348][657,372]
D RAW [40,430][130,454]
NONE [219,432][325,461]
3.41 [358,432][428,461]
SUSPENDED [470,430][657,454]
AWAY [38,512][128,536]
NONE [219,514][325,543]
2.11 [358,514][428,543]
SUSPENDED [470,512][657,536]
Handicap [40,606][211,644]
HOME [40,677][132,701]
-1.5 [217,679][282,708]
1.96 [360,679][435,708]
SUSPENDED [470,677][657,701]
AWAY [38,759][128,783]
+1.5 [217,761][294,790]
1.86 [360,761][435,790]
SUSPENDED [470,759][657,783]
Total [38,853][127,883]
points [142,853][254,891]
OVER [40,924][121,948]
2.5 [218,926][271,955]
1.81 [360,926][428,955]
SUSPENDED [470,924][657,948]
UNDER [40,1006][145,1030]
2.5 [218,1008][271,1037]
2.01 [358,1008][428,1037]
SUSPENDED [470,1006][657,1030]
