720x1600
15:49 [56,17][120,36]
o [107,85][134,109]
bet365.com/#/AX/K9 [153,85][429,109]
Q [39,176][69,207]
Vellaznimi [87,176][202,207]
KB [212,176][241,207]
Prishtin [250,176][350,207]
Basketball [20,306][130,328]
Vellaznimi [31,394][158,422]
vs [165,394][190,422]
KB [195,394][228,422]
Prishtina) [238,394][375,422]
Vellaznimi [19,479][132,497]
vs [140,479][163,497]
KB [172,479][200,497]
Prishtina [209,479][305,497]
Sun [20,515][52,533]
27 [60,515][81,533]
Sep [88,515][121,533]
16:00 [129,515][177,533]
Home [44,1473][92,1486]
All [185,1470][204,1490]
Sports [202,1470][256,1490]
((o) [345,1419][388,1449]
In-Play [338,1472][396,1489]
1 [441,470][447,485]
C [481,15][504,38]
all [524,15][571,38]
100% [586,15][647,38]
+ [476,83][505,112]
-5.5 [399,512][431,528]
1.83 [445,512][487,529]
My [476,1473][501,1489]
Bets [507,1473][543,1489]
21 [578,92][593,104]
X [585,178][594,209]
2 [611,470][621,485]
Close [632,183][682,198]
+5.5 [567,510][606,528]
1.83 [618,512][661,530]
Casino [623,1472][680,1486]
