720x1600
12:06 [56,17][120,36]
bet365 [19,176][169,208]
o [107,85][134,109]
bet365.com/#/AC/B1 [153,85][429,109]
Popular [35,411][112,436]
Bet [155,413][187,431]
Builder [194,413][261,433]
Result [307,415][367,431]
Goals [409,415][464,431]
Full [39,524][81,545]
Time [90,524][153,545]
Result [163,524][241,545]
FC [56,598][82,619]
Münsingen [91,598][208,623]
2.55 [110,637][155,654]
Double [39,719][125,740]
Chance [134,719][227,740]
2.5 [88,974][120,991]
Switzerland [156,268][270,288]
1.Liga [279,268][336,288]
Classic• [345,268][428,288]
27 [436,268][459,288]
Sep [467,268][503,288]
13:30 [511,268][564,288]
Goals [39,825][108,847]
Over/Under [118,825][261,847]
G [38,1456][94,1472]
FC [171,325][205,351]
Münsingen [215,325][362,351]
v [371,325][386,351]
SV [394,325][431,351]
Muttenz [441,325][549,351]
Home [44,1473][92,1486]
Correct [39,1074][131,1094]
Score [140,1074][211,1094]
FC [117,1164][142,1185]
Münsingen [150,1164][260,1187]
0 [181,1232][197,1257]
All [185,1470][204,1490]
Sports [202,1470][256,1490]
Draw [334,597][384,618]
3.75 [338,637][383,654]
Over [295,902][337,919]
1.53 [296,974][340,991]
17.00 [332,1353][388,1370]
Ca [481,15][504,38]
l [559,15][565,38]
100% [587,15][648,38]
(o) [345,1419][388,1449]
+ [476,83][505,112]
In-Play [338,1472][396,1489]
£4.07 [537,180][589,201]
() [599,180][623,201]
Half [507,414][545,431]
17 [577,92][594,104]
Asian [588,415][642,431]
Lines [651,415][701,431]
SV [532,597][566,622]
Muttenz [564,597][650,622]
2.20 [566,637][610,654]
My [476,1473][501,1489]
Bets [507,1473][543,1489]
Under [544,902][603,919]
2.37 [551,974][596,991]
Main [495,1075][538,1090]
All [574,1075][597,1090]
SV [473,1167][500,1183]
Muttenz [507,1167][589,1183]
+ [604,1238][627,1261]
Casino [623,1472][680,1486]
