720x1600
12:06 [56,17][120,36]
bet365 [19,176][169,208]
o [107,85][134,109]
bet365.com/#/AC/B1 [153,85][429,109]
Popular [35,411][112,436]
Full [39,524][81,545]
Time [90,524][153,545]
Result [163,524][241,545]
FC [56,598][82,618]
Münsingen [91,598][208,622]
2.70 [110,637][155,654]
2.5 [88,974][120,991]
G [38,1456][94,1472]
FC [153,325][186,352]
Münsingen [196,325][343,352]
v [352,325][367,352]
SV [376,325][412,352]
Muttenz [422,325][531,352]
Bet [155,413][187,431]
Builder [194,413][261,433]
Result [307,415][367,431]
Goals [409,415][464,431]
Double [39,719][125,740]
Chance [134,719][227,740]
Home [44,1473][92,1486]
Switzerland [156,268][270,288]
1.Liga [279,268][336,288]
Classic• [345,268][428,288]
27 [436,268][459,288]
Sep [467,268][503,288]
13:30 [511,268][564,288]
Goals [39,825][108,848]
Over/Under [118,825][261,848]
Correct [39,1074][131,1094]
Score [140,1074][211,1094]
FC [117,1164][142,1185]
Münsingen [150,1164][260,1187]
0 [181,1232][197,1257]
All [185,1470][204,1490]
Sports [202,1470][256,1490]
Draw [335,599][385,617]
3.80 [338,637][383,654]
Over [294,901][337,919]
1.53 [296,974][340,991]
17.00 [332,1353][389,1370]
(o) [345,1419][388,1449]
Ca [481,15][504,38]
l [559,15][565,38]
100% [587,15][648,38]
In-Play [338,1472][396,1489]
+ [476,83][505,112]
| [434,1252][460,1259]
Main [401,1075][444,1090]
All [480,1075][503,1090]
£4.07 [536,179][588,199]
(+) [598,180][621,200]
Half [507,414][545,431]
17 [577,92][594,104]
Asiar [588,412][636,436]
A [664,412][689,436]
My [476,1473][501,1489]
Bets [507,1473][543,1489]
BB [583,527][606,542]
SV [526,600][553,617]
Muttenz [563,600][649,618]
2.10 [566,637][610,654]
BB [583,721][606,736]
BB [583,828][605,843]
Under [544,902][603,919]
2.37 [551,974][596,991]
BB [583,1076][606,1091]
SV [473,1167][500,1183]
Muttenz [507,1167][589,1183]
+ [604,1238][627,1261]
Casino [623,1472][680,1486]
