X< [479,588][489,598] 31
Sweden [499,588][555,599] 96
0.0 [560,588][581,599] 96
1.450 [866,588][902,599] 96
Asian [498,608][531,618] 95
Handicap [536,608][592,621] 96
Sweden [499,626][539,635] 93
Poland [553,626][587,635] 96
v [543,629][548,635] 90
Gold [554,674][578,682] 93
£5,706.36 [584,674][633,683] 90
£0.50 [829,682][854,689] 96
Last [555,691][571,698] 96
16:52 [612,691][633,698] 96
won [584,693][593,698] 96
Stake [477,733][503,741] 95
Place [769,735][809,747] 96
Bet [815,736][841,747] 96
£0.10 [478,750][525,763] 96
To [763,756][775,764] 96
Return [779,756][812,764] 96
£0.14 [817,756][844,764] 96