bet365 [20,24][120,46] 91
All [507,25][524,45] 94
Sports [531,25][569,45] 96
In-Play [624,31][666,44] 91
My [722,31][740,44] 96
Bets [745,31][770,41] 96
Casino [825,31][866,41] 96
Q [1210,26][1227,43] 93
£4.90 [1263,32][1289,40] 90
@) [1294,28][1308,42] 91
= [1330,39][1350,49] 28
@ [1335,27][1345,38] 60
bet365 [20,24][120,46] 90
All [507,25][524,45] 93
Sports [531,25][569,45] 96
In-Play [624,31][666,44] 91
My [722,31][740,44] 96
Bets [745,31][770,41] 96
Casino [825,31][866,41] 96
Q [1210,26][1227,43] 93
£4.90 [1263,32][1289,40] 92
@) [1294,28][1308,42] 92
= [1330,39][1350,49] 89
@ [1335,27][1345,38] 50