——— [331,69][354,69] 0
— [1025,69][1042,69] 57
Open [40,91][68,103] 96
Live [91,89][116,105] 79
Settled [129,89][175,105] 62
— [1281,312][1295,312] 63
li] [1304,334][1311,345] 28
} [1325,334][1328,345] 64
wa [726,409][733,418] 24
a [736,415][741,415] 37
——— [331,69][354,69] 0
— [1025,69][1042,69] 67
Open [40,91][68,103] 96
Live [91,89][116,105] 78
Settled [129,89][175,105] 65
— [1281,312][1295,312] 52
li] [1304,334][1311,345] 39
} [1325,334][1328,345] 67
wa [726,409][733,418] 31
a [736,415][741,415] 36