Sweden [499,588][555,599] 96
1.90 [875,588][902,599] 96
Full [499,608][519,618] 96
Time [524,608][554,618] 95
Result [559,608][595,618] 96
v [540,625][545,638] 90
Sweden [499,626][539,635] 93
Poland [553,626][587,635] 96
sy [485,674][492,685] 45
Bronze [555,674][590,682] 95
£66.38 [596,674][629,682] 95
£0.50 [829,682][854,689] 96
Last [555,691][572,698] 96
15:05:00 [600,691][635,698] 96
won: [575,693][593,698] 96
@® [480,697][490,707] 38
Remember [630,732][682,740] 95
Stake [477,733][503,741] 96
Place [769,735][809,747] 96
Bet [815,736][841,747] 96
® [644,748][658,762] 37
£0.10 [478,750][526,763] 96
To [763,756][775,764] 95
Return [779,756][813,764] 95
£0.19 [817,756][844,764] 96