720x1600
05:23 [56,14][121,36]
G [30,82][59,114]
bet365 [19,176][169,208]
o [107,85][134,109]
bet365.com/#/AC/B1 [153,85][427,109]
+ [476,83][505,112]
Popular [35,412][112,435]
Game [39,523][108,546]
Lines [119,522][183,545]
Suwon [54,325][143,353]
Sonicboom [153,325][302,353]
vs [312,325][341,353]
Goyang [351,325][452,353]
Sky [460,325][508,353]
Gunners [517,325][628,353]
Suwon [38,671][109,689]
Sonicboom [118,671][239,689]
1st [40,855][75,878]
Half [85,853][135,877]
Club [213,268][256,287]
Friendlies [264,268][358,287]
27 [379,268][402,287]
Sep [410,268][446,287]
06:00 [454,268][507,287]
Goyang [39,753][116,780]
Sky [125,752][161,779]
Gunn. [179,752][228,778]
Bet [156,415][188,431]
Builder [195,415][263,431]
Game [305,415][362,431]
Team [404,415][458,431]
Quarter [500,414][574,432]
Suwon [39,1003][109,1021]
Sonicboom [118,1003][239,1021]
Goyang [39,1087][118,1110]
Sky [127,1087][164,1110]
Gunn.. [171,1087][237,1110]
1st [40,1189][77,1211]
Quarter [86,1189][181,1211]
Home [44,1473][92,1486]
Suwon [39,1335][109,1353]
Sonicboom [118,1335][239,1353]
All [185,1470][204,1490]
Sports [202,1470][256,1490]
Spread [287,601][356,623]
+1.5 [301,655][343,671]
1.95 [301,688][345,705]
-1.5 [304,740][340,756]
1.74 [301,773][346,790]
Spread [287,933][356,955]
+0.5 [301,987][343,1003]
1.86 [301,1020][344,1037]
-0.5 [305,1072][340,1088]
1.80 [301,1105][344,1122]
Spread [287,1265][357,1287]
C [481,15][504,38]
all [524,15][571,38]
100% [586,15][647,38]
+0.5 [301,1319][343,1335]
1.83 [301,1349][342,1369]
(o) [345,1419][388,1449]
In-Play [338,1472][396,1489]
Total [449,601][497,618]
163.5 [458,655][512,671]
1.83 [452,688][495,705]
U [452,736][458,758]
163.5 [458,736][511,758]
1.83 [452,773][496,790]
Total [449,933][498,950]
O [443,987][456,1003]
81.5 [464,987][505,1003]
1.83 [452,1020][496,1037]
U [460,1070][466,1092]
81.5 [464,1070][505,1092]
1.83 [452,1105][496,1122]
Total [449,1265][497,1282]
0 [443,1319][456,1335]
41.5 [463,1319][506,1335]
1.86 [451,1352][495,1368]
14 [577,92][594,104]
£--- [545,175][582,203]
My [476,1473][501,1489]
Bets [507,1473][543,1489]
BB [583,527][606,542]
Money [569,601][636,623]
Li.. [643,601][675,623]
2.12 [603,672][648,689]
1.64 [604,757][648,774]
BB [583,859][606,874]
Money [569,930][634,957]
Li. [649,930][666,956]
2.00 [603,1004][648,1021]
1.71 [604,1089][644,1106]
BB [583,1191][606,1206]
Money [569,1265][636,1287]
Li... [643,1265][675,1287]
1.95 [603,1334][647,1352]
Casino [623,1472][680,1486]
