720x1600
23234 [56,17][125,36]
0 [168,16][189,37]
43nd” [514,15][567,37]
100%. [579,16][665,36]
ED [31,81][60,114]
A192.168.4.108:8767/m [105,84][427,110]
+ [476,83][505,112]
 [0,0][720,156]
FIXTURES [41,197][250,230]
Code [63,292][142,318]
5635 [155,293][231,318]
League [64,344][176,376]
Academy [187,343][334,376]
Home [64,395][156,420]
River [169,395][244,420]
Town [253,395][336,420]
Away [62,447][146,479]
Maple [158,446][252,479]
City [264,447][322,479]
Code [63,552][142,578]
5636 [155,553][231,578]
League [64,604][176,636]
Junior [187,604][285,629]
Home [64,655][156,680]
River [169,655][244,680]
Youth [254,654][342,680]
Away [62,707][146,739]
Maple [158,706][252,739]
City [264,707][322,739]
Code [63,811][142,837]
5637 [155,812][231,837]
League [64,864][176,896]
Academy [187,863][334,896]
Home [64,915][156,940]
Harbor [169,914][274,940]
Town [284,915][367,940]
Away [62,967][146,999]
Meadow [158,966][291,992]
City [303,967][360,999]
