720x1600
23134 [56,17][125,36]
O [168,16][189,37]
”$71..” [514,15][567,37]
10070. [579,16][665,36]
n [31,81][60,114]
A 192.168.11.10828767/[11 [105,84][427,110]
+ [476,83][505,112]
MARKETS [41,197][253,230]
Match winner [40,277][289,307]
HOME [40,348][132,372]
NONE [182,350][287,379]
1.93 [322,350][396,379]
OPEN [433,348][516,372]
AWAY [38,430][128,454]
NONE [182,432][287,461]
2.13 [321,432][396,461]
OPEN [433,430][516,454]
Handicap [40,524][211,562]
HOME [40,595][132,619]
-1.5 [179,597][245,626]
1.98 [322,597][397,626]
OPEN [433,595][516,619]
AWAY [38,677][128,701]
+1.5 [180,679][257,708]
1.88 [322,679][397,708]
OPEN [433,677][516,701]
Total [38,771][127,801]
points [142,771][254,809]
OVER [40,842][121,866]
2.5 [180,844][234,873]
1.83 [322,844][396,873]
OPEN [433,842][516,866]
UNDER [40,924][145,948]
2.5 [180,926][234,955]
2.03 [321,926][396,955]
OPEN [433,924][516,948]
