720x1600
14:49 [55,12][120,36]
B [140,14][147,37]
G [30,82][59,114]
bet365 [19,176][169,208]
o [107,85][134,109]
bet365.com/#/AC/B1 [153,85][429,109]
+ [475,82][506,113]
Full [39,524][81,545]
Time [90,524][153,545]
Result [163,524][241,545]
EGS [77,600][119,618]
Gafsa [127,600][188,618]
Popular [35,412][112,435]
Bet [155,413][186,430]
Builder [194,413][261,432]
Result [307,415][367,431]
Goals [409,415][464,431]
Half [507,414][545,431]
4.50 [109,637][155,654]
Tunisia [201,266][271,288]
League [287,266][354,288]
2•27 [363,266][416,288]
Sep [431,266][460,288]
15:00 [465,266][518,288]
EGS [167,325][220,350]
Gafsa [230,325][308,350]
v [330,325][337,350]
AS [338,325][375,350]
Kasserine [385,325][517,350]
v [532,325][551,350]
Double [39,719][125,740]
Chance [134,719][227,740]
2.5 [88,974][120,991]
Home [44,1473][92,1486]
Goals [39,825][108,848]
Over/Under [118,825][261,848]
Correct [39,1074][131,1094]
Score [140,1074][211,1094]
EGS [137,1165][176,1182]
Gafsa [184,1165][241,1183]
0 [180,1232][198,1257]
All [185,1470][204,1490]
Sports [202,1470][256,1490]
Draw [335,601][387,618]
3.40 [338,637][382,654]
Over [295,901][338,918]
Ca [481,15][505,39]
ll [557,15][572,39]
100%0 [579,15][665,39]
2.15 [295,974][341,991]
8.00 [337,1353][380,1369]
(o) [345,1419][388,1449]
In-Play [338,1472][396,1489]
£4.07 [537,181][589,202]
(+) [599,181][623,202]
Main [401,1075][444,1090]
All [480,1075][503,1090]
18 [577,92][594,104]
Asiat [587,410][635,433]
A [663,412][688,434]
My [476,1473][501,1489]
Bets [507,1473][543,1489]
BB [583,527][606,542]
AS [516,599][545,618]
Kasserine [554,599][658,619]
1.65 [566,637][611,654]
BB [583,721][606,736]
BB [583,828][605,843]
Under [544,902][603,919]
1.66 [552,974][596,991]
BB [583,1076][606,1091]
AS [463,1166][491,1183]
Kasserine [499,1166][598,1183]
+ [604,1238][627,1261]
Casino [623,1472][680,1486]
