720x1600
14:49 [55,12][120,36]
B [140,14][147,37]
G [30,82][59,114]
bet365 [19,176][169,208]
o [107,85][134,109]
bet365.com/#/AC/B1 [153,85][429,109]
+ [475,82][506,113]
Popular [37,415][112,436]
2.5 [88,673][120,690]
Tunisia [201,267][271,288]
League [284,267][356,288]
2 [366,267][372,288]
27 [390,267][413,288]
Sep [421,267][457,288]
15:00 [465,267][517,288]
Goals [39,524][108,547]
Over/Under [118,524][261,547]
Home [44,1473][92,1486]
EGS [167,324][220,349]
Gafsa [230,324][308,349]
v [330,324][337,349]
AS [337,324][375,349]
Kasserine [385,324][517,349]
v [532,324][551,349]
First [38,770][93,792]
Team [100,770][169,792]
to [178,771][202,793]
Score [211,771][282,794]
Bet [155,415][185,430]
Builder [193,414][262,430]
Result [307,415][367,431]
Goals [409,414][464,431]
Half [507,414][546,431]
Goals [39,879][108,902]
Odd/Even [118,879][237,902]
Over [295,602][341,618]
1st [40,986][77,1009]
Half [86,986][137,1009]
Goals [145,986][215,1009]
Odd/Even [224,986][343,1009]
All [185,1470][204,1490]
Sports [202,1470][256,1490]
Ca [481,15][505,39]
ll [557,15][572,39]
100%0 [579,15][665,39]
2.15 [295,673][341,690]
((o) [345,1419][388,1449]
In-Play [338,1472][396,1489]
£4.07 [537,181][589,202]
(+) [599,181][623,202]
18 [577,92][594,104]
My [476,1473][501,1489]
Bets [507,1473][543,1489]
Asiat [587,411][635,433]
A [663,411][688,433]
BB [583,527][606,542]
Under [544,601][603,618]
1.66 [552,673][596,690]
BB [583,775][606,790]
Casino [623,1472][680,1486]
