720x1600
14:49 [55,12][120,36]
B [140,14][147,37]
G [30,82][59,114]
bet365 [19,176][169,209]
Settings [20,1052][116,1078]
o [107,85][134,109]
bet365.com/#/AC/B1 [153,85][429,109]
+ [475,82][506,113]
Language [21,1152][125,1174]
Audio [19,1252][86,1271]
Horse [20,1347][82,1369]
Racing [90,1349][162,1370]
Home [44,1473][92,1486]
All [185,1470][204,1490]
Sports [202,1470][256,1490]
Ca [481,15][505,39]
ll [557,15][572,39]
100%0 [579,15][665,39]
Information [182,921][286,939]
and [294,921][325,939]
transmission [332,921][450,939]
delays [457,921][514,939]
v [525,921][540,939]
Odds [373,1146][421,1173]
Display [430,1146][503,1174]
Greyhounds [361,1348][488,1371]
(o) [345,1419][388,1449]
In-Play [338,1472][396,1489]
£4.07 [537,181][589,202]
(+) [599,181][623,202]
18 [577,92][594,104]
My [476,1473][501,1489]
Bets [507,1473][543,1489]
Casino [623,1472][680,1486]
