720x1600
14:49 [55,12][120,36]
B [140,14][147,37]
G [30,82][59,114]
bet365 [19,176][169,208]
o [107,85][134,109]
bet365.com/#/AC/B1 [153,85][429,109]
+ [475,82][506,113]
Popular [37,415][111,436]
Asian [37,520][107,548]
Handicap [117,521][234,549]
Goal [39,772][93,793]
Line [104,772][155,793]
Tunisia [201,268][271,287]
League [280,268][351,287]
2 [358,268][369,287]
• [377,268][381,287]
27 [390,268][413,287]
Sep [421,268][457,287]
15:00 [465,268][518,287]
2.0, [66,920][103,940]
2.5 [111,920][142,940]
Bet [156,415][188,431]
Builder [195,415][262,431]
Result [307,415][367,431]
Goals [409,415][464,431]
EGS [137,600][176,617]
Gafsa [184,600][241,618]
+0.5,+1.0 [90,671][186,691]
1.900 [202,670][258,689]
Home [44,1473][92,1486]
EGS [167,324][220,349]
Gafsa [230,324][308,349]
v [330,324][337,349]
AS [337,324][375,349]
Kasserine [385,324][517,349]
v [532,324][551,349]
1st [40,1126][77,1147]
Half [86,1126][137,1147]
Goal [145,1126][200,1147]
Line [210,1126][261,1147]
1st [40,1019][77,1045]
Half [86,1019][137,1045]
Asian [144,1019][214,1045]
Handicap [224,1019][341,1045]
Over [295,850][340,866]
All [185,1470][204,1490]
Sports [202,1470][256,1490]
1.900 [288,918][346,937]
Ca [481,15][505,39]
ll [557,15][572,39]
100%0 [579,15][665,39]
((o) [345,1419][388,1449]
In-Play [338,1472][396,1489]
£4.07 [537,181][589,202]
(+) [599,181][623,202]
Half [507,414][546,431]
18 [577,92][594,104]
Asia [586,410][636,437]
AS [463,601][491,618]
Kasserine [499,601][598,618]
My [476,1473][501,1489]
Bets [507,1473][543,1489]
-0.5,-1.0 [446,673][530,693]
1.900 [545,673][602,693]
Under [544,849][603,866]
1.900 [545,920][603,937]
V [660,1132][683,1144]
Casino [623,1472][680,1486]
