720x1600
14:49 [55,12][120,36]
B [140,14][147,37]
bet365 [19,176][169,208]
o [107,85][134,109]
bet365.com/#/AC/B1 [153,85][429,109]
+ [476,83][505,112]
Popular [37,415][111,436]
Goal [58,553][106,571]
Line [115,553][159,571]
X [21,515][42,540]
Over [58,515][116,540]
2.0,2.5 [125,515][211,540]
£0.00 [21,657][110,690]
EGS [59,586][98,603]
Gafsa [106,586][162,603]
v [169,586][179,603]
AS [186,586][213,603]
Kasserine [221,586][317,603]
+£1 [92,890][143,914]
Home [44,1473][92,1486]
ACKPO [55,766][133,787]
Platinum [164,766][244,787]
£74,790.18 [256,766][360,787]
365 [51,788][109,809]
1 [112,983][124,1011]
Tunisia [201,268][271,288]
League [280,268][351,288]
2 [359,268][369,288]
27 [390,268][413,288]
Sep [421,268][457,288]
15:00 [465,268][518,288]
Bet [156,412][185,432]
Builder [194,410][258,431]
Result [307,415][366,431]
Goals [409,415][464,431]
4 [110,1067][122,1095]
EGS [167,325][220,347]
Gafsa [230,325][307,347]
v [315,325][329,347]
AS [338,325][375,347]
Kasserine [385,325][517,347]
7 [109,1151][130,1180]
Last [164,803][198,816]
won: [203,803][242,816]
00:22:50 [249,803][321,816]
Remember [56,1341][172,1359]
Stake [179,1341][238,1359]
All [185,1470][204,1490]
Sports [202,1470][256,1490]
+£5 [332,890][388,914]
2 [350,983][370,1012]
5 [348,1067][370,1095]
8 [350,1150][371,1178]
Ca [481,15][504,38]
l [559,15][565,38]
100% [586,15][647,38]
0 [360,1237][368,1264]
(o) [345,1419][388,1449]
In-Play [338,1472][396,1490]
£4.07 [536,178][588,201]
+) [598,180][624,201]
Half [507,414][547,431]
18 [577,92][594,104]
Place [478,672][550,694]
Bet [560,672][604,694]
My [476,1473][501,1489]
Bets [507,1473][543,1489]
Asiar [585,411][636,438]
Done [514,1342][567,1359]
£0.50 [555,786][602,799]
+£20 [562,887][635,915]
3 [589,982][609,1010]
1.900 [624,515][693,535]
6 [590,1067][611,1094]
Casino [623,1472][680,1486]
