720x1600
14:49 [55,12][120,36]
B [140,14][147,37]
bet365 [19,176][169,208]
Popular [37,415][111,436]
o [107,85][134,109]
bet365.com/#/AC/B1 [153,85][429,109]
+ [476,83][505,112]
Goal [58,553][106,571]
Line [115,553][159,571]
Stake [20,654][69,669]
X [21,515][42,540]
Over [58,515][116,540]
2.0,2.5 [125,515][211,540]
£0.10 [34,678][109,716]
EGS [59,586][98,603]
Gafsa [106,586][162,603]
v [169,586][179,603]
AS [186,586][213,603]
Kasserine [221,586][317,603]
365 [51,788][109,809]
+£1 [92,890][143,914]
YACKPO7 [32,767][143,788]
Platinum [164,767][244,788]
£74,807.54 [256,767][360,788]
Home [44,1473][92,1486]
1 [112,983][124,1011]
Tunisia [201,268][271,288]
League [280,268][351,288]
2 [359,268][369,288]
27 [390,268][413,288]
Sep [421,268][457,288]
15:00 [465,268][518,288]
Bet [156,412][185,432]
Builder [194,410][258,431]
Result [307,415][366,431]
Goals [409,415][464,431]
4 [111,1068][122,1095]
EGS [167,325][220,347]
Gafsa [230,325][307,347]
v [315,325][329,347]
AS [338,325][375,347]
Kasserine [385,325][517,347]
7 [109,1151][129,1179]
Last [164,803][198,816]
won: [203,803][242,816]
00:22:50 [249,803][321,816]
Remember [56,1341][172,1359]
Stake [179,1341][238,1359]
All [185,1470][204,1490]
Sports [202,1470][256,1490]
+£5 [332,890][387,914]
2 [349,982][370,1012]
LO [351,1067][369,1096]
8 [350,1151][370,1176]
Ca [481,15][504,38]
l [559,15][565,38]
100% [586,15][647,38]
(o) [345,1419][388,1449]
3 [331,1450][398,1471]
o [327,1540][394,1569]
In-Play [338,1472][396,1490]
£4.07 [536,178][588,201]
+) [598,180][624,201]
Half [507,414][547,431]
18 [577,92][594,104]
Place [477,658][550,680]
Bet [560,658][604,680]
Asiar [585,411][636,438]
To [464,696][487,711]
Return [493,696][552,711]
£0.19 [560,696][611,711]
My [476,1473][501,1489]
Bets [507,1473][543,1489]
Done [514,1342][567,1359]
£0.50 [555,786][602,799]
+£20 [562,887][635,915]
1.900 [624,515][693,535]
6 [590,1067][609,1092]
Casino [623,1472][680,1486]
