Xx [479,588][489,598] 59
Under [499,588][543,599] 96
2.5 [548,588][569,599] 96
2.35 [874,588][902,599] 96
Total [498,608][527,618] 96
Goals [532,608][565,618] 96
Belgium [499,626][540,638] 90
France [555,626][588,635] 95
v [545,629][550,635] 90
Silver [554,674][583,682] 92
£2,546.47 [588,674][637,683] 92
£0.50 [829,682][854,689] 96
Last [555,691][571,698] 96
51:10 [612,691][632,698] 95
won [584,693][593,698] 96
Stake [477,733][503,741] 95
Place [769,735][809,747] 96
Bet [815,736][841,747] 96
£0.10 [478,750][525,763] 96
To [763,756][775,764] 96
Return [779,756][812,764] 95
£0.23 [817,756][843,764] 96