All Sports [513,27][573,44]
In-Play [628,27][671,44]
My Bets [726,27][775,44]
Casino [830,27][871,44]
£5.00 [1273,28][1299,43]
Trending [20,102][87,123]
UEFA Nations League A [50,144][193,161]
UEFA Nations League B [50,186][192,203]
Upcoming Football [50,228][167,245]
WNBA [50,270][91,287]
Next Races [50,312][118,329]
Upcoming Tennis [50,354][155,371]
NFL [50,396][74,413]
World Grand Prix [50,438][156,455]
UCL Challenge [50,480][138,497]
Most Used [20,543][100,564]
UEFA Nations League A [50,585][193,602]
UEFA Nations League B [50,627][192,644]
Football [50,669][100,686]
A-Z [20,727][47,748]
Next to Start [50,769][129,786]
American Football [50,811][162,828]
Australian Rules [50,853][149,870]
Badminton [50,895][118,912]
Baseball [50,937][100,954]
Basketball [50,979][113,996]
Boxing [50,1021][93,1038]
Casino [50,1063][90,1080]
Cricket [50,1105][92,1122]
Cycling [50,1147][95,1164]
Darts [50,1189][83,1206]
Esports [50,1231][95,1248]
Fantasy Sports [50,1273][139,1290]
Floorball [50,1315][104,1332]
Football [50,1357][100,1374]
Formula 1 [50,1399][111,1416]
Futsal [50,1441][86,1458]
Gaelic Sports [50,1483][130,1500]
Golf [50,1525][76,1542]
Greyhounds [50,1567][124,1584]
Handball [50,1609][105,1626]
Horse Racing [50,1651][131,1668]
Ice Hockey [50,1693][116,1710]
Lotto [50,1735][83,1752]
MMA [50,1777][84,1794]
Motor Sports [50,1819][132,1836]
Motorbikes [50,1854][115,1871]
NASCAR [50,1889][99,1906]
Other Motor Sports [50,1924][162,1941]
Rally [50,1959][77,1976]
Supercars [50,1994][106,2011]
Pelota [50,1861][88,1878]
Politics [50,1903][94,1920]
Rugby League [50,1945][137,1962]
Rugby Union [50,1987][130,2004]
Sailing [50,2029][91,2046]
Snooker [50,2071][100,2088]
Specials [50,2113][99,2130]
United Kingdom [50,2148][144,2165]
World [50,2183][85,2200]
Italy [50,2218][74,2235]
Speedway [50,2155][112,2172]
Surfing [50,2197][95,2214]
Table Tennis [50,2239][125,2256]
Tennis [50,2281][89,2298]
Trotting [50,2323][99,2340]
UEFA Champions League [50,2365][200,2382]
Virtual Sports [50,2407][135,2424]
Volleyball [50,2449][110,2466]
Water Polo [50,2491][118,2508]
Winter Sports [50,2533][135,2550]
Alpine Skiing [50,2568][125,2585]
Biathlon [50,2603][97,2620]
Cross Country Skiing [50,2638][169,2655]
UEFA Nations League A [721,114][845,130]
• [848,115][853,131]
28 Sep 19:45 [856,114][923,130]
Türkiye v Italy [759,145][865,166]
Popular [309,212][353,228]
Popular [309,212][353,228]
Bet Builder [377,212][435,228]
Bet Builder [375,212][437,228]
Quick Players [462,212][533,228]
Quick Players [459,212][535,228]
Scorers [558,212][597,228]
Scorers [557,212][598,228]
Shots [621,212][651,228]
Shots [620,212][652,228]
Cards/Fouls [676,212][738,228]
Cards/Fouls [674,212][740,228]
Player Stats [764,212][825,228]
Player Stats [762,212][827,228]
Result [851,212][883,228]
Result [849,212][884,228]
Corners [907,212][948,228]
Corners [906,212][950,228]
Goals [972,212][1002,228]
Goals [972,212][1003,228]
Half [1026,212][1047,228]
Half [1025,212][1048,228]
Other [1071,212][1101,228]
Other [1070,212][1102,228]
Asian Lines [1126,212][1185,228]
Asian Lines [1124,212][1187,228]
Popular [309,212][353,228]
Popular [309,212][353,228]
Bet Builder [377,212][435,228]
Bet Builder [375,212][437,228]
Quick Players [462,212][533,228]
Quick Players [459,212][535,228]
Scorers [558,212][597,228]
Scorers [557,212][598,228]
Shots [621,212][651,228]
Shots [620,212][652,228]
Cards/Fouls [676,212][738,228]
Cards/Fouls [674,212][740,228]
Player Stats [764,212][825,228]
Player Stats [762,212][827,228]
Result [851,212][883,228]
Result [849,212][884,228]
Corners [907,212][948,228]
Corners [906,212][950,228]
Goals [972,212][1002,228]
Goals [972,212][1003,228]
Half [1026,212][1047,228]
Half [1025,212][1048,228]
Other [1071,212][1101,228]
Other [1070,212][1102,228]
Asian Lines [1126,212][1185,228]
Asian Lines [1124,212][1187,228]
Full Time Result [310,291][422,311]
Türkiye [310,341][351,358]
2.75 [357,341][381,358]
Draw [659,341][689,358]
3.50 [695,341][718,358]
Italy [1007,341][1031,358]
2.45 [1037,341][1061,358]
Full Time Result – Enhanced Prices [310,394][551,414]
Score or Assist [310,451][413,471]
Player / Last 5 [310,493][390,509]
Arda Guler [340,522][406,539]
0 [345,541][351,555]
Gianluca Scamacca [340,566][455,583]
N/A [340,586][358,600]
Moise Kean [340,612][411,629]
0 [345,631][351,645]
Pio Esposito [340,657][414,674]
0 [345,676][351,690]
Kerem Akturkoglu [340,702][452,719]
0 [345,721][351,735]
Baris Yilmaz [340,747][414,764]
0 [345,767][351,781]
Score [806,493][838,509]
3.10 [811,530][834,547]
2.50 [811,575][834,592]
2.50 [811,620][834,637]
2.62 [811,665][834,682]
3.25 [811,710][834,727]
3.10 [811,755][834,772]
Assist [1015,493][1047,509]
3.75 [1019,530][1043,547]
5.50 [1019,575][1043,592]
6.50 [1019,620][1043,637]
6.00 [1019,665][1043,682]
4.33 [1019,710][1043,727]
5.50 [1019,755][1043,772]
Score or Assist [1199,493][1281,509]
1.90 [1228,530][1252,547]
1.95 [1228,575][1252,592]
2.00 [1228,620][1252,637]
2.05 [1228,665][1252,682]
2.10 [1228,710][1252,727]
2.25 [1228,755][1252,772]
Show more [778,801][848,818]
Others on Request [310,846][416,863]
Goalscorers [310,898][392,918]
Shots On Target [310,955][423,975]
Player / Last 5 [320,997][400,1013]
Giacomo Raspadori [340,1025][459,1042]
N/A [340,1045][358,1059]
Gianluca Scamacca [340,1070][455,1087]
N/A [340,1090][358,1104]
Moise Kean [340,1116][411,1133]
2 [345,1135][351,1149]
Deniz Gul [340,1161][399,1178]
0 [345,1180][351,1194]
Pio Esposito [340,1206][414,1223]
2 [345,1225][351,1239]
Nicolo Zaniolo [340,1251][429,1268]
N/A [340,1271][358,1285]
1+ [788,997][804,1013]
1.36 [784,1034][808,1051]
1.36 [784,1079][808,1096]
1.36 [784,1124][808,1141]
1.40 [784,1169][808,1186]
1.40 [784,1214][808,1231]
1.40 [784,1259][808,1276]
2+ [945,997][960,1013]
2.75 [941,1034][965,1051]
2.62 [941,1079][965,1096]
2.62 [941,1124][965,1141]
3.00 [941,1169][965,1186]
2.75 [941,1214][965,1231]
2.75 [941,1259][965,1276]
3+ [1101,997][1117,1013]
7.00 [1098,1034][1122,1051]
7.00 [1098,1079][1122,1096]
7.00 [1098,1124][1122,1141]
8.00 [1098,1169][1122,1186]
7.00 [1098,1214][1122,1231]
7.00 [1098,1259][1122,1276]
4+ [1258,997][1273,1013]
19.00 [1251,1034][1282,1051]
19.00 [1251,1079][1282,1096]
19.00 [1251,1124][1282,1141]
21.00 [1251,1169][1282,1186]
21.00 [1251,1214][1282,1231]
21.00 [1251,1259][1282,1276]
Show more [778,1305][848,1322]
Shots [310,1357][349,1377]
Player / Last 5 [320,1399][400,1415]
Giacomo Raspadori [340,1427][459,1444]
N/A [340,1447][358,1461]
Moise Kean [340,1473][411,1490]
5 [345,1492][351,1506]
Gianluca Scamacca [340,1517][455,1534]
N/A [340,1537][358,1551]
Nicolo Zaniolo [340,1562][429,1579]
N/A [340,1582][358,1596]
Arda Guler [340,1608][406,1625]
3 [345,1627][351,1641]
Daniel Maldini [340,1653][429,1670]
0 [345,1673][351,1687]
1+ [779,1399][795,1415]
1.025 [772,1436][803,1453]
1.02 [776,1481][800,1498]
1.03 [776,1526][800,1543]
1.03 [776,1571][800,1588]
1.04 [776,1616][800,1633]
1.04 [776,1661][800,1678]
2+ [919,1399][934,1415]
1.16 [915,1436][939,1453]
1.14 [915,1481][939,1498]
1.20 [915,1526][939,1543]
1.20 [915,1571][939,1588]
1.22 [915,1616][939,1633]
1.22 [915,1661][939,1678]
3+ [1058,1399][1073,1415]
1.50 [1054,1436][1078,1453]
1.44 [1054,1481][1078,1498]
1.57 [1054,1526][1078,1543]
1.57 [1054,1571][1078,1588]
1.66 [1054,1616][1078,1633]
1.66 [1054,1661][1078,1678]
4+ [1197,1399][1212,1415]
2.20 [1193,1436][1217,1453]
2.10 [1193,1481][1217,1498]
2.37 [1193,1526][1217,1543]
2.37 [1193,1571][1217,1588]
2.62 [1193,1616][1217,1633]
2.62 [1193,1661][1217,1678]
5+ [1336,1399][1352,1415]
3.50 [1332,1436][1356,1453]
3.40 [1332,1481][1356,1498]
4.00 [1332,1526][1356,1543]
4.00 [1332,1571][1356,1588]
4.33 [1332,1616][1356,1633]
4.33 [1332,1661][1356,1678]
6+ [1475,1399][1491,1415]
6.50 [1472,1436][1495,1453]
6.00 [1472,1481][1495,1498]
8.00 [1472,1526][1495,1543]
7.00 [1472,1571][1495,1588]
9.00 [1472,1616][1495,1633]
9.00 [1472,1661][1495,1678]
7+ [1615,1399][1630,1415]
13.00 [1607,1436][1638,1453]
11.00 [1607,1481][1638,1498]
15.00 [1607,1526][1638,1543]
15.00 [1607,1571][1638,1588]
17.00 [1607,1616][1638,1633]
17.00 [1607,1661][1638,1678]
8+ [1754,1399][1769,1415]
21.00 [1746,1436][1777,1453]
19.00 [1746,1481][1777,1498]
21.00 [1746,1526][1777,1543]
21.00 [1746,1571][1777,1588]
Show more [778,1707][848,1724]
Double Chance [310,1759][416,1779]
Goals Over/Under [310,1816][436,1836]
2.5 [422,1895][439,1912]
Over [743,1858][770,1874]
1.61 [745,1895][769,1912]
Under [1131,1858][1166,1874]
2.25 [1137,1895][1161,1912]
Alternative Total Goals [310,1948][470,1968]
0.5 [422,2027][439,2044]
1.5 [422,2072][439,2089]
3.5 [422,2117][439,2134]
4.5 [422,2162][439,2179]
5.5 [422,2207][439,2224]
6.5 [422,2252][439,2269]
7.5 [422,2297][439,2314]
Over [743,1990][770,2006]
1.03 [745,2027][769,2044]
1.18 [745,2072][769,2089]
2.50 [745,2117][769,2134]
4.33 [745,2162][769,2179]
9.00 [745,2207][769,2224]
19.00 [742,2252][773,2269]
34.00 [742,2297][773,2314]
Under [1131,1990][1166,2006]
15.00 [1133,2027][1164,2044]
4.50 [1137,2072][1161,2089]
1.50 [1137,2117][1161,2134]
1.20 [1137,2162][1161,2179]
1.071 [1133,2207][1164,2224]
1.02 [1137,2252][1161,2269]
1.005 [1133,2297][1164,2314]
Both Teams to Score [310,2350][454,2370]
Yes [311,2400][329,2417]
1.50 [335,2400][359,2417]
No [833,2400][850,2417]
2.50 [856,2400][880,2417]
Result/Both Teams to Score [310,2453][504,2473]
Türkiye [310,2532][351,2549]
Italy [310,2577][334,2594]
Draw [310,2622][340,2639]
Yes [944,2495][961,2511]
4.50 [941,2532][965,2549]
4.00 [941,2577][965,2594]
4.00 [941,2622][965,2639]
No [1205,2495][1222,2511]
6.00 [1202,2532][1226,2549]
5.00 [1202,2577][1226,2594]
15.00 [1199,2622][1229,2639]
Cards [310,2675][349,2695]
Fouls Committed [310,2732][430,2752]
To Be Fouled [310,2789][400,2809]
Correct Score [310,2846][405,2866]
Main [1233,2848][1259,2863]
All [1276,2848][1290,2863]
Türkiye [452,2897][496,2914]
0 [468,2930][480,2957]
Italy [808,2897][835,2914]
0 [816,2930][828,2957]
15.00 [1154,2934][1185,2951]
Others on Request [310,2999][416,3016]
Half Time Correct Score [310,3051][477,3071]
Main [1233,3053][1259,3068]
All [1276,3053][1290,3068]
Türkiye [452,3102][496,3119]
0 [468,3135][480,3162]
Italy [808,3102][835,3119]
0 [816,3135][828,3162]
3.50 [1158,3139][1182,3156]
Others on Request [310,3204][416,3221]
Half Time/Full Time [310,3256][450,3276]
Corners [310,3313][364,3333]
9 [427,3392][434,3409]
Over [678,3355][705,3371]
2.10 [680,3392][704,3409]
Exactly [933,3355][972,3371]
7.50 [941,3392][965,3409]
Under [1196,3355][1231,3371]
2.10 [1202,3392][1226,3409]
Alternative Corners [310,3445][447,3465]
1 [427,3524][434,3541]
2 [427,3569][434,3586]
3 [427,3614][434,3631]
4 [427,3659][434,3676]
5 [427,3704][434,3721]
6 [427,3749][434,3766]
Over [678,3487][705,3503]
1.001 [677,3524][707,3541]
1.004 [677,3569][707,3586]
1.01 [680,3614][704,3631]
1.04 [680,3659][704,3676]
1.10 [680,3704][704,3721]
1.20 [680,3749][704,3766]
Exactly [933,3487][972,3503]
101.00 [934,3524][972,3541]
41.00 [938,3569][968,3586]
26.00 [938,3614][968,3631]
17.00 [938,3659][968,3676]
13.00 [938,3704][968,3721]
9.50 [941,3749][965,3766]
Under [1196,3487][1231,3503]
101.00 [1195,3524][1233,3541]
67.00 [1199,3569][1229,3586]
41.00 [1199,3614][1229,3631]
26.00 [1199,3659][1229,3676]
13.00 [1199,3704][1229,3721]
7.00 [1202,3749][1226,3766]
Show more [778,3795][848,3812]
Match Goals Range [310,3847][446,3867]
Main [1233,3849][1259,3864]
All [1276,3849][1290,3864]
Match Goals [310,3936][381,3953]
Yes [944,3894][961,3910]
2-4 [1074,3893][1092,3909]
1.53 [941,3936][965,3953]
No [1205,3894][1222,3910]
2.37 [1202,3936][1226,3953]
Team Goals Range [310,3989][439,4009]
Both Teams to Receive Cards [310,4046][512,4066]
a Card [310,4125][347,4142]
2+ Cards [310,4170][362,4187]
a Red Card [310,4215][372,4232]
Yes [944,4088][961,4104]
1.18 [941,4125][965,4142]
1.83 [941,4170][965,4187]
51.00 [938,4215][968,4232]
No [1205,4088][1222,4104]
4.50 [1202,4125][1226,4142]
1.83 [1202,4170][1226,4187]
Draw No Bet [310,4268][400,4288]
Türkiye [311,4318][352,4335]
2.00 [358,4318][382,4335]
Italy [833,4318][857,4335]
1.72 [863,4318][887,4335]
Handicap Result [310,4371][424,4391]
Alternative Handicap Result [310,4428][506,4448]
Handicap 2-Way [310,4485][426,4505]
1st Half Handicap 2-Way [310,4542][485,4562]
1st Half Goals Range [310,4599][456,4619]
2nd Half Goals Range [310,4656][462,4676]
Results/Goals Range [310,4713][454,4733]
Double Chance/Goals Range [310,4770][510,4790]
Information and transmission delays [728,4910][903,4925]
Help [442,4980][473,4999]
Deposits [442,5022][492,5039]
Withdrawals [442,5062][513,5079]
Contact Us [442,5102][504,5119]
bet365 FAQ [442,5142][509,5159]
Terms and Conditions [442,5182][566,5199]
Safer Gambling [442,5222][530,5239]
Technical Issues [442,5262][532,5279]
Privacy Policy [442,5302][519,5319]
Cookie Policy [442,5342][518,5359]
Fair Payouts [442,5382][510,5399]
Complaints Procedure [442,5422][569,5439]
Rules [442,5462][473,5479]
Deposit Limits [442,5502][523,5519]
Sites [442,5560][473,5579]
Careers [442,5602][485,5619]
Partners [442,5642][489,5659]
Sports & Betting News [442,5682][572,5699]
Form & Stats [699,4980][785,4999]
Football Stats [699,5022][777,5039]
Sports Stats [699,5062][767,5079]
Horse Racing Archive [699,5102][821,5119]
Australian Horse Form [699,5142][827,5159]
Scores & Results [699,5200][808,5219]
Live Scores [699,5242][763,5259]
Results [699,5282][740,5299]
Settings [957,4980][1010,4999]
Language [957,5022][1013,5039]
Odds Display [957,5062][1032,5079]
Audio [957,5120][996,5139]
Horse Racing [957,5162][1033,5179]
Greyhounds [957,5202][1026,5219]
Football [957,5242][1003,5259]
Cricket [957,5282][996,5299]
Registered Office: Hillside (UK Sports) ENC (registration number P1892) and Hillside (UK Gaming) ENC (registration number P1888), Office 1/2373, Level G, Quantum House, 75 Abate Rigord Street, Ta’ Xbiex, XBX 1120, Malta. [442,5918][772,5950]
Hillside (UK Sports) ENC is licensed and regulated by the British Gambling Commission ( [442,5972][868,5987]
Account Number 55148 [868,5972][983,5987]
). [983,5972][989,5987]
Hillside (UK Gaming) ENC is licensed and regulated by the British Gambling Commission ( [442,6009][875,6024]
Account Number 55149 [875,6009][990,6024]
). [990,6009][996,6024]
© 2001-2026 bet365. All rights reserved. [442,6046][639,6061]
Server Time 15:05:16 UK [442,6078][569,6093]
By accessing, continuing to use or navigating throughout this site you accept that we will use certain browser cookies to improve your customer experience with us. bet365 only uses cookies which will improve your experience with us and will not interfere with your privacy. Please refer to our [442,6115][1100,6147]
Cookies Policy [1100,6132][1174,6147]
for further information on our use of cookies and how you can disable or manage their use should you wish. [1174,6132][949,6164]
This site is protected by reCAPTCHA and the Google [442,6201][698,6216]
Privacy Policy [698,6201][762,6216]
and [762,6201][787,6216]
Terms of Service [787,6201][865,6216]
apply. [865,6201][897,6216]
Partners [442,6275][491,6292]