Over [499,588][533,599] 96
2.5 [538,588][559,599] 96
1.61 [875,588][901,599] 96
Total [498,608][527,618] 96
Goals [532,608][565,618] 96
v [537,625][542,639] 93
Turkiye [498,626][536,638] 42
Italy [550,626][571,638] 85
sy [485,674][492,685] 45
Platinum [555,674][600,682] 91
£61,910.51 [606,674][660,683] 91
£0.50 [829,682][854,689] 96
Last [555,691][572,698] 96
00:02:36 [600,691][637,698] 96
won: [575,693][593,698] 96
@® [480,697][490,707] 38
Remember [630,732][682,740] 95
Stake [477,733][503,741] 96
Place [769,735][809,747] 96
Bet [815,736][841,747] 96
® [644,748][658,762] 37
£0.10 [478,750][526,763] 96
To [763,756][775,764] 96
Return [779,756][813,764] 96
£0.16 [817,756][844,764] 96