x [479,588][489,598] 59
France [499,588][546,599] 96
1.83 [875,588][902,599] 96
Full [499,608][519,618] 96
Time [524,608][554,618] 95
Result [559,608][595,618] 96
Belgium [499,626][540,638] 90
France [555,626][588,635] 95
v [545,629][550,635] 90
Silver [554,674][583,682] 93
£1,792.63 [588,674][637,683] 92
£0.50 [829,682][854,689] 96
Last [555,691][571,698] 96
51:10 [612,691][632,698] 95
won [584,693][593,698] 96
Stake [477,733][503,741] 95
Place [769,735][809,747] 96
Bet [815,736][841,747] 96
£0.10 [478,750][525,763] 96
To [763,756][775,764] 96
Return [779,756][812,764] 96
£0.18 [817,756][844,764] 96