720x1600
12:47 [56,16][118,37]
O [131,16][151,37]
bet365 [19,176][169,208]
o [107,85][134,109]
bet365.com/#/AC/B1 [153,85][427,109]
+ [475,82][506,113]
Popular [37,415][111,436]
Bet [155,413][188,431]
Builder [194,413][261,431]
Result [307,415][367,431]
Goals [409,415][464,431]
Asian [37,520][107,548]
Handicap [117,521][234,549]
Goal [39,772][93,793]
Line [104,772][155,793]
2.5 [88,920][120,937]
Ossese [223,326][320,347]
v [329,326][343,347]
Sarnese [352,326][460,347]
Ossese [153,602][226,618]
Italy [228,268][268,288]
Serie [275,268][323,288]
D [332,268][343,288]
27 [365,268][388,288]
Sep [395,268][431,288]
14:00 [440,268][492,288]
0.0,+0.5 [104,670][186,691]
1.900 [202,670][258,690]
G [38,1458][94,1474]
Home [44,1473][92,1486]
1st [40,1126][77,1147]
Half [86,1126][137,1147]
Goal [145,1126][200,1147]
Line [210,1126][261,1147]
Set [20,1337][66,1361]
Stake [76,1337][156,1361]
1st [40,1019][77,1046]
Half [86,1019][137,1046]
Asian [144,1019][214,1046]
Handicap [224,1019][341,1046]
X [21,1181][42,1206]
Ossese [58,1181][150,1206]
0.0,+0.5 [159,1181][261,1206]
Asian [57,1216][117,1239]
Handicap [126,1217][227,1241]
Ossese [59,1253][131,1269]
v [137,1253][147,1269]
Sarnese [155,1253][234,1269]
Over [295,850][340,866]
All [185,1470][204,1490]
Sports [202,1470][256,1490]
2.025 [288,920][347,937]
Ca [481,15][505,39]
ll [557,15][572,39]
100%0 [579,15][665,39]
(o) [345,1419][388,1449]
In-Play [338,1472][396,1489]
£4.07 [537,180][589,201]
() [599,180][623,201]
Half [507,414][546,431]
Sarnese [489,601][571,618]
18 [577,92][594,104]
Asia [586,410][636,437]
0.0,-0.5 [453,671][528,692]
1.900 [544,670][600,691]
My [476,1473][501,1489]
Bets [507,1473][543,1489]
Under [544,849][603,866]
1.775 [545,920][604,937]
Place [477,1338][550,1360]
Bet [560,1338][604,1360]
1.900 [624,1181][693,1201]
Casino [623,1472][680,1486]
