720x1600
12:47 [56,17][118,36]
bet365 [19,176][169,208]
o [107,85][134,109]
bet365.com/#/AC/B1 [153,85][427,109]
+ [476,83][505,112]
Popular [36,413][110,436]
Bet [156,413][185,431]
Builder [194,413][258,430]
Result [307,415][366,431]
Goals [409,415][464,431]
X [21,515][42,540]
Ossese [58,515][150,540]
0.0,+0.5 [159,515][261,540]
Asian [57,549][117,573]
Handicap [126,550][227,574]
£0.00 [20,657][109,689]
Ossese [59,587][131,603]
v [138,587][147,603]
Sarnese [155,587][234,603]
365 [51,788][109,809]
ACKPOT [32,767][143,788]
Platinum [164,767][244,788]
£63,430.93 [256,767][360,788]
+£1 [92,890][143,914]
Italy [228,268][268,288]
Serie [275,268][323,288]
D [332,268][343,288]
27 [364,268][388,288]
Sep [395,268][431,288]
14:00 [440,268][492,288]
Home [44,1473][92,1486]
Ossese [223,326][320,350]
v [344,326][351,350]
Sarnese [352,326][460,350]
v [475,326][495,350]
1 [112,983][124,1011]
4 [110,1067][122,1095]
7 [109,1151][130,1180]
Last [164,803][198,816]
won: [203,803][242,816]
00:22:50 [249,803][321,816]
Remember [56,1341][172,1359]
Stake [179,1341][238,1359]
All [185,1470][204,1490]
Sports [202,1470][256,1490]
+£5 [332,890][388,914]
2 [350,983][370,1012]
5 [348,1067][370,1095]
8 [350,1150][371,1178]
Ca [481,15][504,38]
l [559,15][565,38]
100% [586,15][647,38]
0 [360,1237][368,1264]
(o) [345,1419][388,1449]
In-Play [338,1472][396,1490]
£4.07 [536,180][587,198]
Half [507,414][547,431]
18 [577,92][594,104]
Place [478,672][550,694]
Bet [560,672][604,694]
My [476,1473][501,1489]
Bets [507,1473][543,1489]
Asian [585,411][636,438]
Done [514,1342][567,1359]
£0.50 [555,786][602,799]
+£20 [562,887][635,915]
3 [589,982][609,1010]
1.900 [624,515][693,535]
6 [590,1067][611,1094]
Casino [623,1472][680,1486]
