720x1600
12:47 [56,16][118,37]
O [131,16][151,37]
bet365 [19,176][169,208]
o [107,85][134,109]
bet365.com/#/AC/B1 [153,85][427,109]
+ [475,82][506,113]
Popular [37,415][111,436]
Bet [155,413][188,431]
Builder [194,413][261,431]
Result [307,415][367,431]
Goals [409,415][464,431]
Asian [37,520][107,548]
Handicap [117,521][234,549]
Goal [39,772][93,793]
Line [104,772][155,793]
2.5 [88,920][120,937]
Ossese [223,326][320,347]
v [329,326][343,347]
Sarnese [352,326][460,347]
Stake [20,1315][69,1330]
Italy [228,268][268,288]
Serie [275,268][323,288]
D [332,268][343,288]
27 [365,268][388,288]
Sep [395,268][431,288]
14:00 [440,268][492,288]
Ossese [153,602][226,618]
0.0,+0.5 [104,670][186,691]
1.900 [202,670][258,690]
1st [51,1125][80,1150]
Half [101,1125][143,1150]
Goal [157,1125][204,1150]
Line [218,1125][264,1150]
Home [44,1473][92,1486]
1st [40,1019][77,1046]
Half [86,1019][137,1046]
Asian [144,1019][214,1046]
Handicap [224,1019][341,1046]
X [21,1176][42,1201]
Ossese [58,1176][150,1201]
0.0,+0.5 [159,1176][261,1201]
Asian [57,1210][117,1234]
Handicap [126,1211][227,1236]
£0.10 [20,1346][108,1371]
Ossese [59,1248][131,1264]
v [138,1248][147,1264]
Sarnese [155,1248][234,1264]
Over [295,850][340,866]
All [185,1470][204,1490]
Sports [202,1470][256,1490]
2.025 [288,920][347,937]
Ca [481,15][505,39]
ll [557,15][572,39]
100%0 [579,15][665,39]
(o) [345,1419][388,1449]
In-Play [338,1472][396,1490]
£4.07 [537,180][589,201]
() [599,180][623,201]
Half [507,414][546,431]
Sarnese [489,601][571,618]
18 [577,92][594,104]
Asia [586,410][636,437]
0.0,-0.5 [453,671][528,692]
1.900 [544,670][600,691]
My [476,1473][501,1489]
Bets [507,1473][543,1489]
Under [544,849][603,866]
1.775 [545,920][604,937]
Place [477,1319][550,1341]
Bet [560,1319][604,1341]
To [464,1357][487,1372]
Return [493,1357][552,1372]
£0.19 [560,1357][611,1372]
1.900 [624,1173][690,1196]
Casino [623,1472][680,1486]
