720x1600
17:31 [55,15][112,36]
G [30,82][59,114]
bet365 [19,176][169,208]
o [107,85][134,109]
bet365.com/#/AC/B1 [153,85][429,109]
+ [476,83][505,112]
Popular [35,412][112,435]
Full [39,524][81,545]
Time [90,524][153,545]
Result [163,524][241,545]
Mauritania [52,601][164,618]
U23 [174,601][213,618]
U23 [131,266][168,288]
Africa [176,266][234,288]
Cup [251,266][282,288]
of [292,266][312,288]
Nations [314,266][389,288]
Qual [397,266][439,288]
28 [461,266][484,288]
Sep [492,266][528,288]
18:00 [536,266][589,288]
4.50 [109,637][155,654]
2.5 [88,974][120,991]
Home [44,1473][92,1486]
Mauritania [127,325][269,352]
U23 [279,325][331,352]
v [340,325][354,352]
DR [364,325][400,352]
Congo [409,325][495,352]
U23 [505,325][556,352]
v [571,325][592,352]
Double [39,719][125,740]
Chance [134,719][227,740]
Goals [39,825][108,848]
Over/Under [118,825][261,848]
Bet [155,413][186,430]
Builder [194,413][262,432]
Result [307,415][367,431]
Goals [409,415][464,431]
Half [507,414][545,431]
Asiat [588,415][636,431]
Correct [39,1074][131,1094]
Score [140,1074][211,1094]
Mauritania [113,1166][220,1183]
U23 [227,1166][266,1183]
0 [181,1232][197,1257]
All [185,1470][204,1490]
Sports [202,1470][256,1490]
Draw [335,599][385,618]
3.00 [338,637][383,654]
Over [294,901][337,919]
Co [493,16][516,38]
ll [571,16][583,38]
49% [600,16][654,38]
2.75 [295,974][341,991]
5.00 [338,1351][380,1370]
(o) [345,1419][388,1449]
In-Play [338,1472][396,1490]
25 [577,92][595,104]
£--,- [546,176][582,203]
Main [495,1075][538,1090]
DR [511,601][540,621]
Congo [548,601][616,621]
U23 [625,601][665,621]
My [476,1473][501,1489]
Bets [507,1473][543,1489]
1.80 [566,637][610,654]
Under [544,902][603,919]
1.40 [552,974][596,991]
All [574,1075][597,1090]
DR [459,1167][486,1188]
Congo [493,1167][557,1188]
U23 [564,1167][603,1188]
+ [604,1238][627,1261]
Casino [623,1472][680,1486]
