720x1600
17:31 [55,15][112,36]
G [30,82][59,114]
bet365 [19,176][169,208]
o [107,85][134,109]
bet365.com/#/AC/B1 [153,85][429,109]
+ [476,83][505,112]
Popular [35,412][112,435]
Full [39,524][81,545]
Time [90,524][153,545]
Result [163,524][241,545]
Mauritania [52,601][164,618]
U23 [174,601][214,618]
U23 [131,266][168,288]
Africa [176,266][234,288]
Cup [251,266][282,288]
of [292,266][312,288]
Nations [314,266][389,288]
Qual [397,266][439,288]
28 [461,266][484,288]
Sep [492,266][528,288]
18:00 [536,266][589,288]
4.50 [109,637][155,654]
2.5 [88,974][120,991]
Home [44,1473][92,1486]
Mauritania [127,323][269,352]
U23 [279,323][330,352]
v [340,323][354,352]
DR [364,323][400,352]
Congo [410,323][495,352]
U23 [505,323][556,352]
v [588,323][596,352]
Double [39,719][125,740]
Chance [134,719][227,740]
Bet [155,413][187,431]
Builder [194,413][261,433]
Result [307,415][367,431]
Goals [409,415][464,431]
Half [507,414][545,431]
Goals [39,825][108,848]
Over/Under [118,825][261,848]
Correct [39,1074][131,1094]
Score [140,1074][211,1094]
Mauritania [113,1166][220,1183]
U23 [227,1166][266,1183]
0 [181,1232][197,1257]
All [185,1470][204,1490]
Sports [202,1470][256,1490]
Draw [335,599][385,618]
3.00 [338,637][383,654]
Over [294,900][337,919]
Co [493,16][516,38]
ll [571,16][583,38]
49% [600,16][654,38]
2.75 [295,974][341,991]
5.00 [338,1351][380,1370]
(o) [345,1419][388,1449]
In-Play [338,1472][396,1490]
£--- [538,175][588,202]
Main [401,1075][444,1090]
All [480,1075][503,1090]
25 [577,92][595,104]
0 [521,1234][540,1260]
Asiat [588,412][636,435]
A [664,412][689,435]
DR [512,601][540,621]
Congo [548,601][616,621]
U23 [625,601][665,621]
My [476,1473][501,1489]
Bets [507,1473][543,1489]
BB [583,527][606,542]
1.80 [566,637][610,654]
BB [583,721][606,736]
BB [583,828][605,843]
Under [544,902][603,919]
1.40 [552,974][596,991]
DR [459,1165][483,1186]
Congo [492,1165][555,1185]
U23 [563,1164][601,1185]
BB [583,1076][606,1091]
+ [604,1238][627,1261]
Casino [623,1472][680,1486]
