720x1600
17:31 [55,15][112,36]
G [30,82][59,114]
bet365 [19,176][169,208]
o [107,85][134,109]
bet365.com/#/AC/B1 [153,85][429,109]
+ [476,83][505,112]
Popular [35,412][112,435]
Full [39,524][81,545]
Time [90,524][153,545]
Result [163,524][241,545]
Mauritania [52,601][164,618]
U23 [174,601][213,618]
U23 [131,266][168,288]
Africa [176,266][234,288]
Cup [251,266][282,288]
of [292,266][312,288]
Nations [314,266][389,288]
Qual [397,266][439,288]
28 [461,266][484,288]
Sep [492,266][528,288]
18:00 [536,266][589,288]
4.10 [109,637][155,654]
2.5 [88,974][120,991]
Mauritania [127,323][269,352]
U23 [279,323][330,352]
v [340,323][354,352]
DR [364,323][400,352]
Congo [410,323][495,352]
U23 [505,323][556,352]
v [588,323][596,352]
Double [39,719][125,740]
Chance [134,719][227,740]
Bet [156,415][188,431]
Builder [195,415][263,431]
Result [307,415][367,431]
Goals [409,415][464,431]
Half [507,414][545,431]
Goals [39,825][108,848]
Over/Under [118,825][261,848]
Correct [39,1074][131,1094]
Score [140,1074][211,1094]
Home [44,1473][92,1486]
X [21,1180][42,1202]
Mauritania [59,1180][193,1202]
U23 [202,1180][250,1202]
Full [68,1216][105,1240]
Time [103,1216][157,1240]
Result [166,1216][233,1240]
Set [20,1337][66,1361]
Stake [76,1337][156,1361]
Draw [335,601][387,618]
All [185,1470][204,1490]
Sports [202,1470][256,1490]
3.00 [338,637][383,654]
Mauritania [59,1253][163,1273]
U23 [172,1253][208,1273]
v [216,1253][226,1273]
DR [234,1253][260,1273]
Congo [267,1253][331,1273]
U23 [339,1253][375,1273]
Over [294,900][337,919]
Co [493,16][516,38]
ll [571,16][583,38]
49% [600,16][654,38]
2.75 [295,974][341,991]
(o) [345,1419][388,1449]
In-Play [338,1472][396,1489]
£3.64 [537,180][589,201]
+) [599,180][622,201]
25 [577,92][595,104]
Main [401,1075][444,1090]
All [480,1075][503,1090]
Asiat [588,412][636,435]
A [664,412][689,435]
My [476,1473][501,1489]
Bets [507,1473][543,1489]
BB [583,527][606,542]
DR [512,601][540,622]
Congo [548,601][616,622]
U23 [625,601][665,622]
1.90 [566,637][610,654]
BB [583,721][606,736]
BB [583,828][605,843]
Under [544,902][603,919]
1.40 [552,974][596,991]
BB [583,1076][606,1091]
Place [477,1338][550,1360]
Bet [560,1338][604,1360]
4.10 [639,1181][692,1201]
Casino [623,1472][680,1486]
