720x1600
17:31 [56,12][112,37]
B [132,14][139,38]
G [30,82][59,114]
bet365 [19,176][169,208]
Popular [35,411][112,436]
o [107,85][134,109]
bet365.com/#/AC/B1 [153,85][427,109]
+ [476,83][505,112]
Stake [20,654][70,669]
X [21,514][42,536]
Mauritania [59,514][193,536]
U23 [202,514][250,536]
Full [59,553][95,571]
Time [103,553][158,571]
Result [166,553][233,571]
£0.10 [34,678][110,717]
Mauritania [59,587][163,607]
U23 [171,587][208,607]
v [216,587][226,607]
DR [234,587][260,607]
Congo [267,587][331,607]
U23 [338,587][375,607]
365) [51,788][114,809]
YACKPO7 [32,767][143,788]
Platinum [164,767][244,788]
£75,668.10 [256,767][360,788]
Home [44,1473][92,1486]
+£1 [92,890][143,914]
1 [112,983][124,1011]
U23 [131,265][168,288]
Africa [176,265][233,288]
Cup [246,265][283,288]
of [297,265][305,288]
Nations [314,265][389,288]
Qual [397,265][439,288]
28 [461,265][484,288]
Sep [492,265][528,288]
18:00 [536,265][589,288]
Mauritania [127,323][269,351]
U23 [279,323][331,351]
v [356,323][364,351]
DR [364,323][400,351]
Congo [410,323][495,351]
U23 [505,323][556,351]
V [571,323][592,351]
4 [111,1068][122,1095]
Bet [156,415][187,431]
Builder [195,415][262,431]
Result [307,415][366,431]
Goals [409,415][464,431]
Half [507,414][546,431]
7 [109,1151][129,1180]
Last [164,803][198,816]
won: [203,803][242,816]
00:02:36 [249,803][321,816]
Remember [56,1339][170,1360]
Stake [178,1339][236,1358]
All [185,1470][204,1490]
Sports [202,1470][256,1490]
+£2 [332,890][388,914]
2 [349,982][370,1012]
5 [350,1069][371,1093]
Co [493,16][516,38]
ll [571,16][583,38]
49% [600,16][654,38]
8 [349,1151][369,1176]
0 [350,1237][366,1264]
(o) [345,1419][388,1449]
£3.64 [536,178][588,201]
+ [598,181][622,202]
In-Play [338,1472][396,1489]
25 [577,92][595,104]
Place [477,658][550,680]
Bet [560,658][604,680]
Asiar [588,415][636,431]
To [464,696][487,711]
Return [493,696][552,711]
£0.41 [560,696][609,711]
Done [514,1342][567,1359]
My [476,1473][501,1489]
Bets [507,1473][543,1489]
£0.50 [555,786][602,799]
+£5 [572,890][627,914]
4.10 [639,515][692,535]
Casino [623,1472][680,1486]
