720x1600
17:31 [56,12][112,37]
B [132,14][139,38]
G [30,82][59,114]
bet365 [19,176][169,208]
o [107,85][134,109]
bet365.com/#/AC/B1 [153,85][427,109]
+ [476,83][505,112]
Popular [35,411][112,436]
X [21,514][42,536]
Mauritania [59,514][193,536]
U23 [202,514][250,536]
Full [59,553][95,571]
Time [103,553][158,571]
Result [166,553][233,571]
Mauritania [59,587][163,608]
U23 [171,587][208,608]
v [216,587][226,608]
DR [234,587][260,608]
Congo [267,587][331,608]
U23 [338,587][375,608]
Home [44,1473][92,1486]
ACKP7 [32,766][144,788]
Silver [163,766][215,788]
£911.69 [225,766][301,788]
365 [51,788][109,809]
+£1 [92,890][143,914]
1 [112,983][124,1011]
U23 [131,265][168,288]
Africa [176,265][233,288]
Cup [246,265][283,288]
of [297,265][305,288]
Nations [314,265][389,288]
Qual [397,265][439,288]
28 [461,265][484,288]
Sep [492,265][528,288]
18:00 [536,265][589,288]
Mauritania [127,323][269,351]
U23 [279,323][331,351]
v [356,323][364,351]
DR [364,323][400,351]
Congo [410,323][495,351]
U23 [505,323][556,351]
V [571,323][592,351]
4 [110,1067][122,1095]
7 [109,1151][130,1180]
Bet [156,415][187,431]
Builder [195,415][262,431]
Result [307,415][366,431]
Goals [409,415][464,431]
Half [507,414][546,431]
Asiar [588,415][636,431]
Last [163,803][198,816]
won: [203,803][242,816]
17:11:22 [249,803][321,816]
Remember [56,1341][172,1359]
Stake [179,1341][238,1359]
All [185,1470][204,1490]
Sports [202,1470][256,1490]
+£2 [332,890][387,914]
2 [350,983][370,1012]
5 [348,1067][370,1095]
Co [493,16][516,38]
ll [571,16][583,38]
49% [600,16][654,38]
8 [350,1150][371,1178]
0 [360,1237][368,1264]
(o) [345,1419][388,1449]
£3.64 [536,178][588,201]
+ [598,181][622,202]
In-Play [338,1472][396,1489]
25 [577,92][595,104]
Place [478,672][550,694]
Bet [560,672][604,694]
Done [514,1342][567,1359]
My [476,1473][501,1489]
Bets [507,1473][543,1489]
£0.50 [555,786][602,799]
+£5 [572,890][628,914]
3 [590,983][611,1011]
6 [590,1067][611,1094]
4.10 [639,515][693,535]
Casino [623,1472][680,1486]
