720x1600
06:47 [56,15][121,36]
o [107,85][134,109]
bet365.com/#/AC/B1 [153,85][427,109]
Popular [35,326][111,351]
Bet [156,330][188,346]
Builder [195,330][262,346]
Game [305,328][362,346]
Team [403,330][458,346]
Game [39,440][110,461]
Lines [120,440][185,461]
Utsunomiya [59,240][216,266]
Brex [227,240][286,266]
Vs [294,240][323,266]
Yokohama [332,240][473,266]
B-Corsairs [483,240][625,266]
Utsunomiya [39,588][165,610]
Brex [175,588][220,610]
Japan [197,181][257,204]
B [265,181][276,204]
League [285,181][356,204]
1• [364,181][386,204]
27 [402,181][423,204]
Sep [433,181][465,204]
07:05 [469,181][523,204]
Yokohama [48,668][160,691]
B-Cor... [160,669][232,691]
1st [40,985][75,1008]
Half [85,984][135,1007]
Utsunomiya [39,1133][165,1155]
Brex [175,1133][220,1155]
Yokohama [37,1212][150,1236]
B-Cor.. [168,1214][228,1237]
1st [40,1319][77,1342]
Quarter [86,1319][181,1342]
Spread [287,517][356,539]
Alternative [38,772][175,799]
Point [184,772][249,799]
Spread [257,772][344,799]
-9.5 [306,571][340,587]
Alternative [38,879][175,900]
Game [184,879][256,900]
Total [263,879][324,900]
Utsunomiya [38,1463][164,1486]
Brex [172,1465][219,1486]
1.83 [301,604][344,621]
+9.5 [301,656][343,672]
1.83 [301,689][345,706]
Spread [287,1062][357,1084]
-4.5 [304,1116][340,1132]
1.80 [301,1149][344,1166]
+4.5 [301,1201][343,1217]
1.86 [301,1234][345,1251]
Co [481,15][506,39]
R.ll [528,15][574,39]
100% [584,15][649,39]
Spread [287,1394][356,1416]
+ [475,82][506,113]
-2.5 [305,1448][340,1464]
1.83 [299,1476][345,1499]
Total [449,517][498,534]
O [437,571][449,587]
163.5 [458,571][512,587]
1.83 [452,604][496,621]
U [450,654][456,675]
163.5 [458,654][511,675]
1.83 [452,689][494,706]
Total [449,1062][499,1079]
O [443,1116][456,1132]
82.5 [464,1116][505,1132]
1.86 [452,1149][496,1166]
Quarter [501,330][575,348]
U [458,1199][463,1218]
82.5 [463,1199][505,1218]
1.80 [452,1234][496,1251]
Total [449,1394][498,1411]
0 [443,1448][456,1464]
41.5 [463,1448][505,1464]
1.83 [451,1479][494,1498]
14 [577,92][594,104]
Half [616,327][655,346]
Money [569,517][636,539]
Li.. [643,517][676,539]
1.20 [604,588][648,605]
4.20 [602,673][648,690]
Money [569,1061][634,1084]
Li.. [642,1060][676,1082]
1.35 [604,1133][648,1150]
3.00 [603,1218][648,1235]
V [660,1323][683,1335]
Money [568,1388][635,1415]
Li.. [647,1390][686,1415]
1.45 [604,1465][648,1482]
