Xx [479,588][489,598] 59
Under [499,588][543,599] 96
2.5 [548,588][569,599] 96
2.35 [874,588][902,599] 94
Total [498,608][527,618] 96
Goals [532,608][565,618] 96
Belgium [499,626][540,638] 89
France [555,626][588,635] 96
v [545,629][550,635] 89
eas” [485,671][543,695] 48
Gold [554,674][578,682] 92
£5,219.23 [584,674][633,683] 92
£0.50 [829,682][854,689] 95
Last [555,691][572,698] 96
13:16:52 [600,691][634,698] 91
won: [575,693][596,698] 96
~ [483,697][487,698] 56
® [480,700][490,707] 51
Place [769,741][808,757] 96
Bet [816,741][841,757] 95
Stake [510,742][554,755] 95
Set [479,743][504,755] 96