720x1600
11:35 [56,16][116,37]
O [129,16][150,37]
G [30,82][59,114]
o [107,85][134,109]
bet365.com/#/AC/B1 [153,85][429,109]
+ [476,83][505,112]
bet365 [19,176][169,208]
Popular [35,412][112,435]
Bet [155,413][186,430]
Builder [194,413][262,432]
Result [307,415][367,431]
Corners [410,415][485,431]
Full [39,524][81,545]
Time [90,524][153,545]
Result [163,524][241,545]
FC [75,600][101,618]
Arlanda [109,600][190,618]
1.65 [111,637][155,654]
Sweden [163,268][240,287]
1.div [249,268][294,287]
Norra [302,268][355,287]
• [363,268][368,287]
27 [376,268][399,287]
Sep [407,268][443,287]
12:00 [451,268][504,287]
Double [39,719][125,740]
Chance [134,719][227,740]
2.5 [88,974][120,991]
Goals [39,825][108,847]
Over/Under [118,825][261,847]
FC [190,321][223,348]
Arlanda [233,321][336,350]
v [345,323][359,350]
Enköping [369,323][491,352]
0.5 [89,1221][120,1238]
1.5 [89,1305][120,1322]
Home [62,1473][111,1486]
Alternative [38,1073][175,1094]
Total [183,1073][244,1094]
Goals [253,1073][323,1094]
Draw [334,598][385,618]
Over [295,901][337,919]
3.90 [338,637][383,654]
1.44 [296,974][341,991]
Over [295,1151][340,1167]
Ca [481,15][504,38]
l [559,15][565,38]
100% [587,15][648,38]
1.02 [296,1221][341,1238]
All [237,1470][257,1488]
Sports [257,1469][311,1488]
1.12 [296,1305][341,1322]
(o) [437,1419][479,1449]
In-Play [430,1472][488,1490]
17 [577,92][594,104]
£4.07 [537,181][589,201]
(+) [599,181][623,201]
Goals [529,415][584,431]
Enköping [539,598][636,622]
4.10 [565,637][610,654]
Under [544,902][603,919]
2.62 [551,974][597,991]
Under [544,1150][603,1167]
11.00 [545,1221][603,1238]
5.50 [552,1305][596,1322]
166 [552,1389][596,1398]
Casino [605,1472][661,1486]
