720x1600
19:43 [56,17][121,36]
$6) [165,14][219,39]
- [235,22][243,30]
ED [31,81][60,114]
A192.168.4.108:8767/ni [105,84][427,110]
‘3» [514,15][543,37]
.III [550,17][567,35]
100%. [579,16][665,36]
+ [476,83][505,112]
 [0,0][720,156]
FIXTURES [41,197][250,230]
Code [63,292][142,318]
6517 [155,293][231,318]
League [64,344][176,376]
Pro [189,344][239,369]
Time [62,395][140,420]
18:30 [153,395][237,420]
Home [64,447][156,472]
Lake [169,446][240,472]
Club [252,446][320,472]
Away [62,498][146,530]
Hawks [158,497][262,523]
Code [63,603][142,629]
6518 [155,604][230,629]
League [64,655][176,687]
College [188,654][303,687]
Time [62,707][140,732]
18:30 [153,707][237,732]
Home [64,758][156,783]
Lake [169,757][240,783]
College [252,757][367,790]
Away [62,809][146,841]
Ravens [158,809][269,834]
Code [63,914][142,940]
6519 [155,915][230,940]
League [64,967][176,999]
Summit [188,967][308,992]
Time [62,1018][140,1043]
18:30 [153,1018][237,1043]
Home [64,1069][156,1094]
South [168,1068][256,1094]
Club [269,1068][337,1094]
Away [62,1121][146,1153]
Wolves [157,1120][268,1146]
