720x1600
19:43 [56,17][121,36]
®® [165,14][219,39]
- [235,22][243,30]
”arm” [514,15][567,37]
100%- [579,16][665,36]
ED [31,81][60,114]
A192.168.4.108:8767/m [105,84][427,110]
+ [476,83][505,112]
 [0,0][720,156]
EVENT [41,197][181,230]
Code [40,267][118,293]
6517 [131,268][207,293]
League [41,327][152,359]
Pro [165,327][215,352]
Time [38,386][116,411]
18:30 [129,386][213,411]
Home [41,445][132,470]
Lake [145,444][216,470]
Club [228,444][296,470]
Away [38,504][122,536]
Hawks [135,503][238,529]
MARKETS [66,604][240,632]
