X [479,588][489,598] 41
Northern [499,588][566,599] 93
Ireland [571,588][622,599] 93
0.0 [627,588][649,599] 96
2.000 [865,588][902,599] 95
Asian [498,608][531,618] 95
Handicap [536,608][592,621] 96
Northern [499,626][546,635] 96
Ireland [551,626][585,635] 73
Hungary [600,626][643,638] 96
v [590,629][595,635] 92
Silver [554,674][583,682] 93
£2,228.05 [588,674][637,683] 91
OF, [529,675][543,684] 83
£0.50 [829,682][854,689] 96
Last [555,691][571,698] 96
51:10 [612,691][632,698] 95
wor [584,693][590,698] 96
Stake [477,733][503,741] 95
Place [769,735][809,747] 96
Bet [815,736][841,747] 96
£0.10 [478,750][525,763] 96
To [763,756][775,764] 96
Return [779,756][812,764] 96
£0.20 [817,756][844,764] 95