Trending [20,32][87,53]
UEFA Nations League A [50,74][193,91]
UEFA Nations League B [50,116][192,133]
Upcoming Football [50,158][167,175]
NFL [50,200][74,217]
Next Races [50,242][118,259]
World Grand Prix [50,284][156,301]
Upcoming Tennis [50,326][155,343]
WNBA [50,368][91,385]
UCL Challenge [50,410][138,427]
Most Used [20,473][100,494]
UEFA Nations League A [50,515][193,532]
UEFA Nations League B [50,557][192,574]
Football [50,599][100,616]
A-Z [20,657][47,678]
Next to Start [50,699][129,716]
American Football [50,741][162,758]
Australian Rules [50,783][149,800]
Badminton [50,825][118,842]
Baseball [50,867][100,884]
Basketball [50,909][113,926]
Boxing [50,951][93,968]
Casino [50,993][90,1010]
Cricket [50,1035][92,1052]
Cycling [50,1077][95,1094]
Darts [50,1119][83,1136]
Esports [50,1161][95,1178]
Fantasy Sports [50,1203][139,1220]
Floorball [50,1245][104,1262]
Football [50,1287][100,1304]
Formula 1 [50,1329][111,1346]
Futsal [50,1371][86,1388]
Gaelic Sports [50,1413][130,1430]
Golf [50,1455][76,1472]
Greyhounds [50,1497][124,1514]
Handball [50,1539][105,1556]
Horse Racing [50,1581][131,1598]
Ice Hockey [50,1623][116,1640]
Lotto [50,1665][83,1682]
MMA [50,1707][84,1724]
Motor Sports [50,1749][132,1766]
Motorbikes [50,1784][115,1801]
NASCAR [50,1819][99,1836]
Other Motor Sports [50,1854][162,1871]
Rally [50,1889][77,1906]
Supercars [50,1924][106,1941]
Pelota [50,1791][88,1808]
Politics [50,1833][94,1850]
Rugby League [50,1875][137,1892]
Rugby Union [50,1917][130,1934]
Sailing [50,1959][91,1976]
Snooker [50,2001][100,2018]
Specials [50,2043][99,2060]
United Kingdom [50,2078][144,2095]
World [50,2113][85,2130]
Italy [50,2148][74,2165]
Speedway [50,2085][112,2102]
Surfing [50,2127][95,2144]
Table Tennis [50,2169][125,2186]
Tennis [50,2211][89,2228]
Trotting [50,2253][99,2270]
UEFA Champions League [50,2295][200,2312]
Virtual Sports [50,2337][135,2354]
Volleyball [50,2379][110,2396]
Water Polo [50,2421][118,2438]
Winter Sports [50,2463][135,2480]
Alpine Skiing [50,2498][125,2515]
Biathlon [50,2533][97,2550]
Cross Country Skiing [50,2568][169,2585]
UEFA Nations League A [721,44][845,60]
• [848,45][853,61]
28 Sep 19:45 [856,44][923,60]
Türkiye v Italy [759,75][865,96]
Popular [309,142][353,158]
Popular [309,142][353,158]
Bet Builder [377,142][435,158]
Bet Builder [375,142][437,158]
Quick Players [462,142][533,158]
Quick Players [459,142][535,158]
Scorers [558,142][597,158]
Scorers [557,142][598,158]
Shots [621,142][651,158]
Shots [620,142][652,158]
Cards/Fouls [676,142][738,158]
Cards/Fouls [674,142][740,158]
Player Stats [764,142][825,158]
Player Stats [762,142][827,158]
Result [851,142][883,158]
Result [849,142][884,158]
Corners [907,142][948,158]
Corners [906,142][950,158]
Goals [972,142][1002,158]
Goals [972,142][1003,158]
Half [1026,142][1047,158]
Half [1025,142][1048,158]
Other [1071,142][1101,158]
Other [1070,142][1102,158]
Asian Lines [1126,142][1185,158]
Asian Lines [1124,142][1187,158]
Popular [309,142][353,158]
Popular [309,142][353,158]
Bet Builder [377,142][435,158]
Bet Builder [375,142][437,158]
Quick Players [462,142][533,158]
Quick Players [459,142][535,158]
Scorers [558,142][597,158]
Scorers [557,142][598,158]
Shots [621,142][651,158]
Shots [620,142][652,158]
Cards/Fouls [676,142][738,158]
Cards/Fouls [674,142][740,158]
Player Stats [764,142][825,158]
Player Stats [762,142][827,158]
Result [851,142][883,158]
Result [849,142][884,158]
Corners [907,142][948,158]
Corners [906,142][950,158]
Goals [972,142][1002,158]
Goals [972,142][1003,158]
Half [1026,142][1047,158]
Half [1025,142][1048,158]
Other [1071,142][1101,158]
Other [1070,142][1102,158]
Asian Lines [1126,142][1185,158]
Asian Lines [1124,142][1187,158]
Full Time Result [310,221][422,241]
Türkiye [453,262][495,279]
2.80 [462,281][486,298]
Draw [808,262][837,279]
3.50 [811,281][834,298]
Italy [1159,262][1182,279]
2.45 [1159,281][1182,298]
Full Time Result – Enhanced Prices [310,325][551,345]
Score or Assist [310,382][413,402]
Player / Last 5 [310,424][390,440]
Arda Guler [340,453][406,470]
0 [345,472][351,486]
Gianluca Scamacca [340,497][455,514]
N/A [340,517][358,531]
Moise Kean [340,543][411,560]
0 [345,562][351,576]
Pio Esposito [340,588][414,605]
0 [345,607][351,621]
Kerem Akturkoglu [340,633][452,650]
0 [345,652][351,666]
Baris Yilmaz [340,678][414,695]
0 [345,698][351,712]
Score [806,424][838,440]
3.10 [811,461][834,478]
2.50 [811,506][834,523]
2.50 [811,551][834,568]
2.62 [811,596][834,613]
3.25 [811,641][834,658]
3.10 [811,686][834,703]
Assist [1015,424][1047,440]
3.75 [1019,461][1043,478]
5.50 [1019,506][1043,523]
6.50 [1019,551][1043,568]
6.00 [1019,596][1043,613]
4.33 [1019,641][1043,658]
6.00 [1019,686][1043,703]
Score or Assist [1199,424][1281,440]
1.90 [1228,461][1252,478]
1.95 [1228,506][1252,523]
2.05 [1228,551][1252,568]
2.10 [1228,596][1252,613]
2.10 [1228,641][1252,658]
2.25 [1228,686][1252,703]
Show more [778,732][848,749]
Others on Request [310,777][416,794]
Goalscorers [310,829][392,849]
Shots On Target [310,886][423,906]
Player / Last 5 [320,928][400,944]
Giacomo Raspadori [340,956][459,973]
N/A [340,976][358,990]
Gianluca Scamacca [340,1001][455,1018]
N/A [340,1021][358,1035]
Moise Kean [340,1047][411,1064]
2 [345,1066][351,1080]
Pio Esposito [340,1092][414,1109]
2 [345,1111][351,1125]
Nicolo Zaniolo [340,1136][429,1153]
N/A [340,1156][358,1170]
Daniel Maldini [340,1182][429,1199]
0 [345,1202][351,1216]
1+ [835,928][851,944]
1.36 [831,965][855,982]
1.36 [831,1010][855,1027]
1.36 [831,1055][855,1072]
1.40 [831,1100][855,1117]
1.40 [831,1145][855,1162]
1.44 [831,1190][855,1207]
2+ [1086,928][1101,944]
2.75 [1082,965][1106,982]
2.62 [1082,1010][1106,1027]
2.62 [1082,1055][1106,1072]
2.75 [1082,1100][1106,1117]
2.75 [1082,1145][1106,1162]
3.25 [1082,1190][1106,1207]
3+ [1336,928][1352,944]
7.00 [1333,965][1356,982]
7.00 [1333,1010][1356,1027]
7.00 [1333,1055][1356,1072]
7.00 [1333,1100][1356,1117]
7.00 [1333,1145][1356,1162]
9.00 [1333,1190][1356,1207]
4+ [1587,928][1602,944]
19.00 [1580,965][1610,982]
19.00 [1580,1010][1610,1027]
19.00 [1580,1055][1610,1072]
21.00 [1580,1100][1610,1117]
21.00 [1580,1145][1610,1162]
21.00 [1580,1190][1610,1207]
Show more [778,1236][848,1253]
Shots [310,1288][349,1308]
Player / Last 5 [320,1330][400,1346]
Giacomo Raspadori [340,1358][459,1375]
N/A [340,1378][358,1392]
Moise Kean [340,1404][411,1421]
5 [345,1423][351,1437]
Arda Guler [340,1449][406,1466]
3 [345,1468][351,1482]
Gianluca Scamacca [340,1493][455,1510]
N/A [340,1513][358,1527]
Nicolo Zaniolo [340,1538][429,1555]
N/A [340,1558][358,1572]
Daniel Maldini [340,1584][429,1601]
0 [345,1604][351,1618]
1+ [835,1330][851,1346]
1.025 [828,1367][859,1384]
1.02 [831,1412][855,1429]
1.03 [831,1457][855,1474]
1.03 [831,1502][855,1519]
1.03 [831,1547][855,1564]
1.04 [831,1592][855,1609]
2+ [1086,1330][1101,1346]
1.16 [1082,1367][1106,1384]
1.14 [1082,1412][1106,1429]
1.18 [1082,1457][1106,1474]
1.20 [1082,1502][1106,1519]
1.20 [1082,1547][1106,1564]
1.22 [1082,1592][1106,1609]
3+ [1336,1330][1352,1346]
1.50 [1333,1367][1356,1384]
1.44 [1333,1412][1356,1429]
1.53 [1333,1457][1356,1474]
1.57 [1333,1502][1356,1519]
1.57 [1333,1547][1356,1564]
1.66 [1333,1592][1356,1609]
4+ [1587,1330][1602,1346]
2.20 [1583,1367][1607,1384]
2.10 [1583,1412][1607,1429]
2.25 [1583,1457][1607,1474]
2.37 [1583,1502][1607,1519]
2.37 [1583,1547][1607,1564]
2.62 [1583,1592][1607,1609]
5+ [1837,1330][1853,1346]
3.50 [1834,1367][1858,1384]
3.40 [1834,1412][1858,1429]
3.75 [1834,1457][1858,1474]
4.00 [1834,1502][1858,1519]
4.00 [1834,1547][1858,1564]
4.33 [1834,1592][1858,1609]
6+ [2088,1330][2103,1346]
6.50 [2084,1367][2108,1384]
6.00 [2084,1412][2108,1429]
7.00 [2084,1457][2108,1474]
8.00 [2084,1502][2108,1519]
7.00 [2084,1547][2108,1564]
9.00 [2084,1592][2108,1609]
7+ [2339,1330][2354,1346]
13.00 [2331,1367][2362,1384]
11.00 [2331,1412][2362,1429]
13.00 [2331,1457][2362,1474]
15.00 [2331,1502][2362,1519]
15.00 [2331,1547][2362,1564]
17.00 [2331,1592][2362,1609]
8+ [2589,1330][2605,1346]
21.00 [2582,1367][2613,1384]
19.00 [2582,1412][2613,1429]
21.00 [2582,1457][2613,1474]
21.00 [2582,1502][2613,1519]
21.00 [2582,1547][2613,1564]
Show more [778,1638][848,1655]
Double Chance [310,1690][416,1710]
Goals Over/Under [310,1747][436,1767]
2.5 [422,1826][439,1843]
Over [743,1789][770,1805]
1.61 [745,1826][769,1843]
Under [1131,1789][1166,1805]
2.25 [1137,1826][1161,1843]
Alternative Total Goals [310,1879][470,1899]
0.5 [422,1958][439,1975]
1.5 [422,2003][439,2020]
3.5 [422,2048][439,2065]
4.5 [422,2093][439,2110]
5.5 [422,2138][439,2155]
6.5 [422,2183][439,2200]
7.5 [422,2228][439,2245]
Over [743,1921][770,1937]
1.03 [745,1958][769,1975]
1.18 [745,2003][769,2020]
2.50 [745,2048][769,2065]
4.50 [745,2093][769,2110]
9.00 [745,2138][769,2155]
19.00 [742,2183][773,2200]
34.00 [742,2228][773,2245]
Under [1131,1921][1166,1937]
15.00 [1133,1958][1164,1975]
4.50 [1137,2003][1161,2020]
1.50 [1137,2048][1161,2065]
1.18 [1137,2093][1161,2110]
1.071 [1133,2138][1164,2155]
1.02 [1137,2183][1161,2200]
1.005 [1133,2228][1164,2245]
Both Teams to Score [310,2281][454,2301]
Yes [311,2331][329,2348]
1.50 [335,2331][359,2348]
No [659,2331][676,2348]
2.50 [682,2331][706,2348]
Result/Both Teams to Score [310,2384][504,2404]
Türkiye [310,2463][351,2480]
Italy [310,2508][334,2525]
Draw [310,2553][340,2570]
Yes [944,2426][961,2442]
4.75 [941,2463][965,2480]
4.33 [941,2508][965,2525]
4.00 [941,2553][965,2570]
No [1205,2426][1222,2442]
6.00 [1202,2463][1226,2480]
5.00 [1202,2508][1226,2525]
15.00 [1199,2553][1229,2570]
Cards [310,2606][349,2626]
Fouls Committed [310,2663][430,2683]
To Be Fouled [310,2720][400,2740]
Correct Score [310,2777][405,2797]
Main [1233,2779][1259,2794]
All [1276,2779][1290,2794]
Türkiye [452,2828][496,2845]
0 [468,2861][480,2888]
Italy [808,2828][835,2845]
0 [816,2861][828,2888]
15.00 [1154,2865][1185,2882]
Others on Request [310,2930][416,2947]
Half Time Correct Score [310,2982][477,3002]
Main [1233,2984][1259,2999]
All [1276,2984][1290,2999]
Türkiye [452,3033][496,3050]
0 [468,3066][480,3093]
Italy [808,3033][835,3050]
0 [816,3066][828,3093]
3.50 [1158,3070][1182,3087]
Others on Request [310,3135][416,3152]
Half Time/Full Time [310,3187][450,3207]
Corners [310,3244][364,3264]
9 [427,3323][434,3340]
Over [678,3286][705,3302]
2.00 [680,3323][704,3340]
Exactly [933,3286][972,3302]
7.50 [941,3323][965,3340]
Under [1196,3286][1231,3302]
2.20 [1202,3323][1226,3340]
Alternative Corners [310,3376][447,3396]
1 [427,3455][434,3472]
2 [427,3500][434,3517]
3 [427,3545][434,3562]
4 [427,3590][434,3607]
5 [427,3635][434,3652]
6 [427,3680][434,3697]
Over [678,3418][705,3434]
1.001 [677,3455][707,3472]
1.004 [677,3500][707,3517]
1.006 [677,3545][707,3562]
1.03 [680,3590][704,3607]
1.083 [677,3635][707,3652]
1.18 [680,3680][704,3697]
Exactly [933,3418][972,3434]
101.00 [934,3455][972,3472]
41.00 [938,3500][968,3517]
29.00 [938,3545][968,3562]
19.00 [938,3590][968,3607]
13.00 [938,3635][968,3652]
10.00 [938,3680][968,3697]
Under [1196,3418][1231,3434]
101.00 [1195,3455][1233,3472]
67.00 [1199,3500][1229,3517]
41.00 [1199,3545][1229,3562]
29.00 [1199,3590][1229,3607]
15.00 [1199,3635][1229,3652]
8.00 [1202,3680][1226,3697]
Show more [778,3726][848,3743]
Match Goals Range [310,3778][446,3798]
Main [1233,3780][1259,3795]
All [1276,3780][1290,3795]
Match Goals [310,3867][381,3884]
Yes [944,3825][961,3841]
2-4 [1074,3824][1092,3840]
1.53 [941,3867][965,3884]
No [1205,3825][1222,3841]
2.37 [1202,3867][1226,3884]
Team Goals Range [310,3920][439,3940]
Both Teams to Receive Cards [310,3977][512,3997]
a Card [310,4056][347,4073]
2+ Cards [310,4101][362,4118]
a Red Card [310,4146][372,4163]
Yes [944,4019][961,4035]
1.18 [941,4056][965,4073]
1.83 [941,4101][965,4118]
51.00 [938,4146][968,4163]
No [1205,4019][1222,4035]
4.50 [1202,4056][1226,4073]
1.83 [1202,4101][1226,4118]
Draw No Bet [310,4199][400,4219]
Türkiye [311,4249][352,4266]
2.00 [358,4249][382,4266]
Italy [833,4249][857,4266]
1.72 [863,4249][887,4266]
Handicap Result [310,4302][424,4322]
Alternative Handicap Result [310,4359][506,4379]
Handicap 2-Way [310,4416][426,4436]
1st Half Handicap 2-Way [310,4473][485,4493]
1st Half Goals Range [310,4530][456,4550]
2nd Half Goals Range [310,4587][462,4607]
Results/Goals Range [310,4644][454,4664]
Double Chance/Goals Range [310,4701][510,4721]
Reality Check [645,248][739,268]
Your session has now exceeded [577,280][760,297]
06:32:37 [760,280][807,297]
Remain Logged In [628,331][756,351]
Log out [665,386][719,406]
You have requested a Reality Check after every 60 minutes of play. [518,434][705,470]
Review Your Account History [597,494][787,513]
Safer Gambling [522,545][610,562]
Contact Us [827,545][890,562]