720x1600
11:47 [56,17][114,36]
G [30,82][59,114]
o [107,85][134,109]
bet365.com/#/AC/B1 [153,85][427,109]
bet365 [19,176][169,208]
Full [39,524][81,545]
Time [90,524][153,545]
Result [163,524][241,545]
Popular [35,411][112,436]
Bet [155,413][187,431]
Builder [194,413][261,433]
Result [307,415][367,431]
CornerS [410,415][485,431]
Eskilsminne [56,600][184,618]
IF [193,600][207,618]
2.37 [110,637][155,654]
Eskilsminne [114,325][275,347]
IF [285,325][308,347]
v [316,325][330,347]
Ariana [338,325][425,347]
FC [436,325][469,347]
Malmo [479,325][570,347]
v [585,325][606,347]
Double [39,719][125,740]
Chance [134,719][227,740]
Sweden [162,265][239,286]
1.div [252,265][297,286]
Södra [306,265][360,286]
27 [377,265][400,286]
Sep [408,265][444,286]
12:00 [452,265][505,286]
Goals [39,825][108,848]
Over/Under [118,825][261,848]
2.5 [88,974][120,991]
0.5 [89,1221][120,1238]
1.5 [89,1305][120,1322]
Home [62,1473][111,1486]
Alternative [38,1073][175,1094]
Total [183,1073][244,1094]
Goals [253,1073][323,1094]
Draw [334,599][385,618]
Over [295,901][338,918]
3.70 [338,637][382,654]
1.50 [296,974][340,991]
Over [295,1151][340,1167]
1.025 [289,1221][347,1238]
All [237,1470][257,1488]
Sports [257,1469][311,1488]
Ca [481,15][504,38]
l [559,15][565,38]
100% [587,15][648,38]
+ [476,83][505,112]
1.14 [296,1303][338,1323]
(o) [437,1419][480,1449]
17 [577,92][594,104]
In-Play [430,1472][488,1490]
£--,- [546,178][584,202]
Goals [529,415][584,431]
Ariana [495,600][563,618]
FC [572,600][599,618]
Malmo [608,600][680,618]
2.37 [565,637][611,654]
Under [544,902][603,919]
2.50 [551,974][596,991]
Under [544,1150][603,1167]
10.50 [545,1221][603,1238]
5.00 [552,1303][594,1322]
V [660,530][683,541]
161 [552,1389][592,1398]
Casino [605,1472][662,1486]
