720x1600
11:47 [56,17][114,36]
G [30,82][59,114]
o [107,85][134,109]
bet365.com/#/AC/B1 [153,85][427,109]
bet365 [19,176][169,208]
Popular [35,411][112,436]
Full [39,524][81,545]
Time [90,524][153,545]
Result [163,524][241,545]
Eskilsminne [56,600][184,618]
IF [193,600][209,618]
2.37 [110,637][155,654]
Eskilsminne [114,325][275,347]
IF [285,325][308,347]
v [316,325][330,347]
Ariana [339,325][425,347]
FC [436,325][469,347]
Malmo [479,325][569,347]
Double [39,719][125,740]
Chance [134,719][227,740]
2.5 [88,974][120,991]
Sweden [162,265][239,286]
1.div [254,265][299,286]
Södra [307,265][361,286]
27 [377,265][400,286]
Sep [408,265][444,286]
12:00 [452,265][505,286]
Goals [39,825][108,848]
Over/Under [118,825][261,848]
Home [44,1473][92,1486]
0.5 [89,1221][120,1238]
Bet [155,413][186,430]
Builder [194,413][262,432]
Result [307,415][367,431]
Corners [410,415][485,431]
1.5 [89,1305][120,1322]
Alternative [38,1073][175,1094]
Total [183,1073][244,1094]
Goals [253,1073][323,1094]
All [185,1470][204,1490]
Sports [202,1470][256,1490]
Draw [334,597][385,618]
3.70 [338,637][382,654]
Over [295,901][338,918]
1.50 [296,974][340,991]
Over [295,1151][340,1167]
1.025 [289,1221][347,1238]
Co [481,15][506,39]
R.ll [528,15][574,39]
100% [584,15][649,39]
1.14 [295,1304][339,1321]
+ [476,83][505,112]
(o) [345,1419][388,1449]
In-Play [338,1472][396,1489]
E--,- [538,175][588,204]
17 [577,92][594,104]
Goals [529,415][584,431]
My [476,1473][501,1489]
Bets [507,1473][543,1489]
BB [583,527][606,542]
Ariana [495,600][563,618]
FC [572,600][599,618]
Malmo [608,600][680,618]
2.37 [565,637][611,654]
BB [583,721][606,736]
BB [583,828][605,843]
Under [544,902][603,919]
2.50 [551,974][596,991]
BB [583,1076][606,1091]
Under [544,1150][603,1167]
10.50 [545,1221][603,1238]
5.00 [552,1305][596,1322]
161 [552,1389][592,1398]
Casino [623,1472][680,1486]
