720x1600
11:47 [56,17][114,36]
G [30,82][59,114]
bet365 [19,176][169,208]
o [107,85][134,109]
bet365.com/#/AC/B1 [153,85][427,109]
esult [21,415][66,431]
Corners [110,414][186,431]
Goals [230,415][285,431]
Half [328,414][366,431]
Other [409,415][462,431]
Asian [38,521][107,548]
Handicap [117,522][234,549]
Goal [39,772][93,793]
Line [104,772][155,793]
3.0 [87,916][118,938]
Sweden [162,268][239,287]
1.div [248,268][293,287]
Södra [300,268][356,287]
• [365,268][369,287]
27 [377,268][400,287]
Sep [408,268][444,287]
12:00 [452,268][504,287]
Eskilsminne [114,323][275,352]
IF [285,323][308,352]
v [332,323][340,352]
Ariana [339,323][425,352]
FC [436,323][469,352]
Malmo [479,323][569,352]
Eskilsminne [117,601][238,618]
|F [246,601][262,618]
G [38,1456][94,1472]
Home [44,1473][92,1486]
0.0 [157,671][186,691]
1.900 [202,669][258,690]
Alternative [37,1015][174,1043]
Asian [182,1016][252,1043]
Handicap [262,1017][379,1045]
Alternative [38,1126][175,1147]
Goal [184,1126][238,1147]
Line [249,1126][300,1147]
1st [40,1340][77,1361]
Half [86,1340][137,1361]
Goal [145,1340][200,1361]
Line [210,1340][261,1361]
Over [295,850][340,866]
1st [39,1230][76,1256]
Half [85,1230][136,1256]
Asian [144,1230][213,1257]
Handicap [223,1231][340,1259]
1.800 [288,918][346,936]
All [185,1470][204,1490]
Sports [202,1470][256,1490]
Ca [481,15][504,38]
l [559,15][565,38]
100% [587,15][648,38]
(o) [345,1419][388,1449]
+ [476,83][505,112]
In-Play [338,1472][396,1489]
£4.07 [537,180][589,201]
() [599,180][622,201]
17 [577,92][594,104]
Asian [502,412][558,431]
Lines [566,413][618,432]
Ariana [444,601][509,618]
FC [517,601][541,618]
Malmo [549,601][617,618]
0.0 [499,673][530,690]
1.900 [545,673][602,690]
My [476,1473][501,1489]
Bets [507,1473][543,1489]
Under [544,849][603,866]
2.000 [544,920][603,937]
Casino [623,1472][680,1486]
