720x1600
11:47 [56,17][114,36]
G [30,82][59,114]
o [107,85][134,109]
bet365.com/#/AC/B1 [153,85][427,109]
bet365 [19,176][169,208]
Alternative [38,283][175,304]
Goal [184,283][239,304]
Line [249,283][300,304]
1st [40,390][77,416]
Half [86,390][137,416]
Asian [144,390][214,416]
Handicap [224,390][341,416]
1st [40,497][77,518]
Half [86,497][137,518]
Goal [145,497][200,518]
Line [210,497][261,518]
Alternative [38,711][175,732]
1st [185,711][222,732]
Half [232,711][282,732]
Goal [291,711][345,732]
Line [356,711][406,732]
Alternative [38,604][175,631]
1st [185,604][222,631]
Half [231,604][282,631]
Asian [289,604][359,631]
Handicap [369,604][485,631]
Asian [38,818][108,839]
Total [116,818][177,839]
Corners [186,818][284,839]
1st [40,925][77,946]
Half [86,925][137,946]
Asian [144,925][214,946]
Corners [224,925][322,946]
Settings [19,1278][114,1304]
Language [20,1376][124,1398]
Home [44,1473][92,1486]
All [185,1470][204,1490]
Sports [202,1470][256,1490]
Ca [481,15][504,38]
l [559,15][565,38]
100% [587,15][648,38]
+ [476,83][505,112]
Information [182,1147][286,1165]
and [294,1147][325,1165]
transmission [332,1147][450,1165]
delays [457,1147][514,1165]
v [526,1147][539,1165]
(o) [345,1419][388,1449]
Odds [362,1376][415,1398]
Display [425,1376][501,1398]
v [511,1376][525,1398]
In-Play [338,1472][396,1489]
£4.07 [537,183][588,198]
17 [577,92][594,104]
My [476,1473][501,1489]
Bets [507,1473][543,1489]
V [680,392][684,408]
Casino [623,1472][680,1486]
