720x1600
11:47 [56,17][114,36]
G [30,82][59,114]
bet365 [19,176][169,209]
o [107,85][134,109]
bet365.com/#/AC/B1 [153,85][429,109]
+ [476,83][505,112]
Alternative [38,296][175,317]
Goal [184,296][238,317]
Line [249,296][300,317]
1st [39,399][76,423]
Half [85,399][136,423]
Asian [144,400][213,425]
Handicap [223,401][340,427]
1st [40,510][77,531]
Half [86,510][137,531]
Goal [145,510][200,531]
Line [210,510][261,531]
Alternative [38,617][175,643]
1st [185,617][222,643]
Half [232,617][282,643]
Asian [290,617][359,643]
Handicap [370,617][484,643]
Alternative [38,724][175,745]
1st [185,724][222,745]
Half [232,724][282,745]
Goal [291,724][345,745]
Line [356,724][406,745]
Asian [38,831][108,852]
Total [116,831][180,852]
Corners [186,831][284,852]
1st [40,938][77,959]
Half [86,938][137,959]
Asian [144,938][214,959]
Corners [224,938][322,959]
Settings [19,1291][115,1316]
Home [44,1473][92,1486]
Ca [481,15][504,38]
l [559,15][565,38]
100% [587,15][648,38]
All [185,1470][204,1490]
Sports [202,1470][256,1490]
Information [182,1160][287,1178]
and [294,1160][325,1178]
transmission [332,1160][450,1178]
delays [457,1160][514,1178]
v [526,1160][538,1178]
(o) [345,1419][388,1449]
In-Play [338,1472][396,1489]
£4.07 [537,183][588,198]
17 [577,92][594,104]
My [476,1473][501,1489]
Bets [507,1473][543,1489]
V [660,408][683,421]
Casino [623,1472][680,1486]
