720x1600
23242 [56,17][124,36]
O [167,16][188,37]
‘e‘).ul| [514,15][567,37]
100%. [579,16][665,36]
Q [31,81][60,114]
A192.168.4.108:8767/nt [105,84][427,110]
+ [476,83][505,112]
 [0,0][720,156]
Neutral [57,213][218,252]
text [235,218][321,252]
entry [339,218][452,263]
Enter [56,314][147,343]
a [161,321][178,343]
value [192,312][286,343]
liilillllllllllllllll‘ [53,395][668,521]
FOCUSED [56,566][230,595]
© [63,1237][94,1268]
6’ [222,1237][253,1268]
E] [382,1237][409,1268]
@ [539,1237][569,1269]
1234567890 [39,1329][683,1356]
 [0,1208][720,1600]
\Qatlldféhj [25,1517][502,1575]
