720x1600
13:09 [56,14][121,37]
bet365 [19,176][169,208]
o [107,85][134,109]
bet365.com/#/AC/B1 [153,85][427,109]
Popular [35,412][112,435]
Bet [155,413][186,430]
Builder [194,413][262,432]
Game [305,415][362,431]
Team [404,415][458,431]
Game [39,523][108,546]
Lines [119,522][183,545]
Uniao [39,671][99,689]
de [107,671][131,689]
Leiria [141,671][196,689]
Sampaense [38,756][164,779]
1st [40,856][75,878]
Half [85,854][135,876]
Uniao [39,1003][99,1021]
de [107,1003][131,1021]
Leiria [141,1003][196,1021]
Sampaense [38,1088][165,1110]
Uniao [140,321][215,348]
de [224,323][256,349]
Leiria [265,323][338,349]
vs [347,324][376,350]
Sampaense [386,324][542,352]
Stake [20,1320][69,1335]
X [21,1181][42,1207]
Sampaense [58,1181][205,1207]
-2.5 [215,1181][264,1207]
Point [58,1215][114,1241]
Spread [120,1216][196,1242]
£0.10 [20,1348][106,1377]
Home [44,1473][92,1486]
Club [213,268][256,287]
Friendlies [264,268][358,287]
27 [379,268][402,287]
Sep [410,268][446,287]
15:00 [454,268][507,287]
Spread [287,601][356,623]
All [175,1472][196,1490]
Sports [202,1472][256,1490]
+2.5 [301,655][343,671]
1.80 [301,688][345,705]
-2.5 [305,740][340,756]
1.86 [301,773][344,790]
Spread [287,933][356,955]
+0.5 [301,987][343,1003]
Uniao [59,1253][114,1274]
de [122,1253][144,1274]
Leiria [152,1253][204,1274]
vs [211,1253][233,1274]
Sampaense [240,1253][356,1274]
1.86 [301,1020][345,1037]
-0.5 [305,1072][340,1088]
1.80 [301,1105][345,1122]
(o) [345,1419][388,1449]
Ca [481,15][505,39]
ll [557,15][572,39]
100%0 [579,15][665,39]
In-Play [338,1472][396,1489]
+ [475,82][506,113]
o [344,1541][375,1570]
Total [449,601][497,618]
O [437,655][449,671]
157.5 [458,655][512,671]
1.83 [452,688][496,705]
U [450,737][455,758]
157.5 [457,736][509,757]
1.83 [452,773][496,790]
Total [449,933][498,950]
Quarter [501,415][574,433]
O [443,987][456,1003]
78.5 [463,987][505,1003]
1.83 [452,1020][496,1037]
U [460,1070][466,1090]
78.5 [471,1070][506,1090]
1.83 [452,1105][496,1122]
£4.07 [537,181][589,202]
(+) [599,181][623,202]
18 [577,92][594,104]
BB [583,527][606,542]
My [476,1473][501,1489]
Bets [507,1473][543,1489]
Money [569,601][636,623]
Li.. [643,601][675,623]
2.05 [603,672][648,689]
1.68 [604,757][648,774]
BB [583,859][606,874]
Money [569,930][634,957]
Li. [647,930][665,956]
1.95 [604,1004][648,1021]
1.74 [604,1089][649,1106]
Place [477,1324][550,1346]
Bet [560,1324][604,1346]
To [464,1362][487,1377]
Return [493,1362][552,1377]
£0.18 [560,1362][612,1377]
1.86 [640,1181][693,1201]
Casino [623,1472][680,1486]
