720x1600
13:09 [56,14][121,37]
o [107,85][134,109]
bet365.com/#/AC/B1 [153,85][427,109]
bet365 [19,176][169,208]
Popular [35,412][112,436]
X [21,515][42,541]
Sampaense [58,515][205,541]
-2.5 [215,515][265,541]
Point [59,553][115,576]
Spread [122,553][197,576]
£0.10 [21,661][110,686]
Uniao [58,583][113,603]
de [121,584][143,604]
Leiria [151,584][203,604]
vs [211,586][232,605]
Sampaense [239,586][356,607]
+£1 [92,890][143,914]
Home [44,1473][92,1486]
ACKPOr [32,767][143,789]
Gold [163,767][204,789]
£9,724.46 [215,767][308,789]
365) [51,787][117,808]
1 [112,983][124,1011]
Bet [156,415][187,431]
Builder [195,415][262,431]
Game [305,415][362,431]
Team [403,415][458,431]
4 [110,1067][122,1095]
Club [213,268][256,288]
Friendlies [264,268][358,288]
27 [379,268][402,288]
Sep [410,268][446,288]
15:00 [454,268][507,288]
Uniao [140,322][215,347]
de [224,323][256,348]
Leiria [265,323][338,348]
vs [347,325][376,349]
Sampaense [386,325][541,351]
7 [109,1151][130,1180]
Last [163,803][198,816]
won: [203,803][242,816]
10:32:12 [249,803][319,816]
Remember [56,1341][172,1359]
Stake [179,1341][238,1359]
All [185,1470][204,1490]
Sports [202,1470][256,1490]
+£5 [332,890][388,914]
2 [350,983][370,1012]
5 [348,1067][370,1095]
8 [350,1150][371,1178]
0 [360,1237][368,1264]
Ca [481,15][504,38]
l [559,15][565,38]
100% [586,15][647,38]
(o) [345,1419][388,1449]
+ [476,83][505,112]
In-Play [338,1472][396,1490]
£4.07 [536,177][588,201]
+) [598,179][624,201]
Quarter [501,415][574,433]
18 [577,92][594,104]
Place [477,658][550,680]
Bet [560,658][604,680]
To [464,696][486,711]
Return [493,696][552,711]
£0.18 [560,696][612,711]
My [476,1473][501,1489]
Bets [507,1473][543,1489]
£0.50 [555,786][602,799]
Done [514,1342][567,1359]
+£20 [562,887][635,915]
3 [589,982][609,1010]
6 [590,1067][611,1094]
1.86 [640,515][693,535]
Casino [623,1472][680,1486]
