720x1600
13:09 [56,14][121,37]
o [107,85][134,109]
bet365.com/#/AC/B1 [153,85][427,109]
bet365 [19,176][169,208]
Popular [35,412][112,435]
Bet [155,413][186,430]
Builder [194,413][262,432]
Game [305,415][362,431]
Team [404,415][458,431]
Game [39,523][108,546]
Lines [119,522][183,545]
Uniao [39,671][99,689]
de [107,671][132,689]
Leiria [140,671][196,689]
Sampaense [38,756][164,779]
1st [40,856][75,878]
Half [86,855][136,877]
Uniao [140,321][215,348]
de [224,323][256,349]
Leiria [265,323][338,349]
vs [347,324][376,350]
Sampaense [386,324][542,352]
Uniao [39,1003][99,1021]
de [107,1003][132,1021]
Leiria [140,1003][196,1021]
Sampaense [38,1088][165,1110]
1st [40,1189][77,1212]
Quarter [86,1189][180,1212]
Home [44,1473][92,1486]
Uniao [39,1335][99,1353]
de [107,1335][131,1353]
Leiria [141,1335][196,1353]
Club [213,268][256,287]
Friendlies [264,268][358,287]
27 [379,268][402,287]
Sep [410,268][446,287]
15:00 [454,268][507,287]
All [175,1472][196,1490]
Sports [202,1472][256,1490]
Spread [287,601][356,623]
+2.5 [301,655][343,671]
1.80 [301,688][345,705]
-2.5 [304,740][340,756]
1.86 [301,773][345,790]
Spread [287,933][356,955]
+0.5 [301,987][343,1003]
1.86 [301,1020][344,1037]
-0.5 [305,1072][340,1088]
1.80 [301,1105][344,1122]
Spread [287,1265][357,1287]
+0.5 [301,1319][343,1335]
1.83 [301,1350][342,1369]
Ca [481,15][505,39]
ll [557,15][572,39]
100%0 [579,15][665,39]
(o) [345,1419][388,1449]
+ [475,82][506,113]
In-Play [338,1472][396,1490]
Total [449,601][497,618]
0 [436,654][448,671]
157.5 [457,652][510,670]
1.83 [452,688][496,705]
U [452,737][458,759]
157.5 [458,737][512,759]
1.83 [452,773][496,790]
Total [449,933][498,950]
0 [443,987][456,1003]
78.5 [463,987][505,1003]
1.83 [452,1020][496,1037]
Quarter [501,415][574,433]
U [457,1069][463,1091]
78.5 [463,1069][505,1091]
1.83 [452,1105][496,1122]
Total [449,1265][497,1282]
0 [443,1319][456,1335]
39.5 [464,1319][505,1335]
1.83 [451,1352][494,1368]
£4.07 [537,181][589,202]
(+) [599,181][623,202]
18 [577,92][594,104]
My [476,1473][501,1489]
Bets [507,1473][543,1489]
BB [583,527][606,542]
Money [569,601][636,623]
Li.. [643,601][675,623]
2.05 [603,672][648,689]
1.68 [604,757][648,774]
BB [583,859][606,874]
Money [569,930][634,957]
Li. [647,930][665,956]
1.95 [604,1004][648,1021]
1.74 [604,1089][649,1106]
BB [583,1191][606,1206]
Money [568,1263][635,1286]
Li.. [642,1264][677,1286]
1.95 [603,1334][647,1352]
Casino [623,1472][680,1486]
