720x1600
13:09 [56,14][120,36]
o [107,85][134,109]
bet365.com/#/HO/ [153,85][405,109]
Search [113,193][192,214]
Football [48,349][114,363]
UEFA [38,791][94,814]
Nations [101,792][184,816]
League [192,793][270,817]
ENG [321,796][365,813]
Vs [374,796][396,813]
SL [404,796][430,813]
Sun [31,983][68,1001]
27 [76,984][100,1002]
Sep [107,985][143,1002]
Denmark [70,1086][167,1104]
17:00 [39,1261][83,1274]
UEFA [94,870][147,900]
Nations [159,870][257,900]
League [263,870][359,900]
Wales [69,1154][132,1172]
Horses [190,350][249,363]
UEFA [32,1205][82,1226]
Nations [90,1206][165,1228]
League [174,1207][244,1228]
A [251,1208][265,1228]
Serbia [69,1358][138,1376]
Greyhounds [308,349][408,367]
Netherlands [70,1426][201,1444]
UEFA [32,1477][82,1498]
Nations [90,1478][165,1500]
League [174,1479][244,1501]
A [250,1481][264,1501]
1 [415,982][421,1003]
1.36 [386,1119][434,1138]
8.00 [386,1391][434,1410]
Co [481,15][506,39]
R.ll [527,15][573,39]
100% [582,15][647,39]
+ [476,83][505,112]
Racing [480,793][551,817]
X [517,986][529,1002]
5.00 [499,1119][547,1138]
5.00 [499,1391][547,1410]
< [555,1542][570,1571]
18 [577,92][594,104]
Cricket [606,349][665,363]
Casino [602,796][675,813]
View [606,874][650,890]
All [657,875][679,891]
2 [631,986][642,1002]
7.00 [611,1119][660,1138]
1.40 [612,1391][660,1410]
