720x1600
1 [56,17][64,36]
8CD [165,14][219,39]
- [235,22][243,30]
”a.” [514,15][567,37]
100%- [579,16][665,36]
ED [31,81][60,114]
A192.168.4.108:8767/ni [105,84][427,110]
+ [476,83][505,112]
 [0,0][720,156]
FIXTURES [41,197][250,230]
Code [63,292][142,318]
7889 [154,293][230,318]
League [64,344][176,376]
Academy [187,343][334,376]
Time [62,395][140,420]
17:00 [153,395][237,420]
Home [64,447][156,472]
Willow [167,446][269,472]
Town [280,447][362,472]
Away [62,498][146,530]
Birch [158,497][234,523]
City [247,498][305,530]
Code [63,603][142,629]
7890 [154,604][230,629]
League [64,655][176,687]
Junior [187,655][285,680]
Time [62,707][140,732]
17:00 [153,707][237,732]
Home [64,758][156,783]
Willow [167,757][269,783]
Youth [280,757][368,783]
Away [62,809][146,841]
Birch [158,808][234,834]
City [247,809][305,841]
Code [63,914][142,940]
7891 [154,915][225,940]
League [64,967][176,999]
Academy [187,966][334,999]
Time [62,1018][140,1043]
17:00 [153,1018][237,1043]
Home [64,1069][156,1094]
Elm [169,1068][224,1094]
Town [235,1069][318,1094]
Away [62,1121][146,1153]
Cedar [158,1120][248,1146]
City [260,1121][317,1153]
