720x1600
19146 [56,17][121,36]
8>® [165,14][219,39]
o [235,22][243,30]
n [31,81][60,114]
A 192.168.11.10828767/[11 [105,84][427,110]
31 [514,15][543,37]
.III [550,17][567,35]
10070. [579,16][665,36]
+ [476,83][505,112]
MARKETS [41,197][253,230]
Match [40,277][152,307]
winner [165,277][289,307]
HOME [40,348][132,372]
NONE [219,350][325,379]
1.91 [360,350][428,379]
D RAW [40,430][130,454]
NONE [219,432][325,461]
3.41 [358,432][428,461]
AWAY [38,512][128,536]
NONE [219,514][325,543]
2.11 [358,514][428,543]
Handicap [40,606][211,644]
HOME [40,677][132,701]
-1.5 [217,679][282,708]
1.96 [360,679][435,708]
AWAY [38,759][128,783]
+1.5 [217,761][294,790]
1.86 [360,761][435,790]
Total [38,853][127,883]
points [142,853][254,891]
OVER [40,924][121,948]
2.5 [218,926][271,955]
1.81 [360,926][428,955]
UNDER [40,1006][145,1030]
2.5 [218,1008][271,1037]
2.01 [358,1008][428,1037]
UNAVAILABLE [471,348][685,372]
UNAVAILABLE [471,430][685,454]
UNAVAILABLE [471,512][685,536]
UNAVAILABLE [471,677][685,701]
UNAVAILABLE [471,759][685,783]
UNAVAILABLE [471,924][685,948]
UNAVAILABLE [471,1006][685,1030]
