720x1600
15:46 [56,17][120,36]
bet365 [19,176][169,209]
o [107,85][134,109]
bet365.com/#/AC/B1 [153,85][429,109]
+ [476,83][505,112]
Popular [35,412][112,435]
Bet [156,415][188,431]
Builder [195,415][263,431]
Game [305,415][362,431]
Team [404,415][458,431]
Game [39,524][111,545]
Lines [120,524][185,545]
Vellaznimi [37,669][146,690]
KB [38,756][66,773]
Prishtina [75,755][168,773]
1st [40,855][75,877]
Half [85,855][136,876]
Vellaznimi [38,1003][147,1021]
KB [39,1087][67,1105]
Prishtina [76,1087][169,1105]
Vellaznimi [165,325][305,347]
vs [313,325][342,347]
KB [353,325][388,347]
Prishtina [399,325][517,347]
1st [40,1189][77,1212]
Quarter [86,1189][180,1212]
Vellaznimi [38,1335][147,1353]
G [45,1418][88,1457]
Home [44,1473][92,1486]
Kosovo [200,268][272,289]
Superliga [279,268][371,289]
• [379,268][384,289]
27 [392,268][415,289]
Sep [423,268][459,289]
16:00 [467,268][520,289]
All [185,1470][204,1490]
Sports [202,1470][256,1490]
Spread [287,601][356,623]
-5.5 [305,655][340,671]
1.83 [301,688][344,705]
+5.5 [301,740][343,756]
1.83 [301,773][345,790]
Spread [286,929][356,956]
-2.5 [305,987][340,1003]
1.80 [301,1020][344,1037]
+2.5 [301,1072][343,1088]
1.86 [301,1105][345,1122]
Spread [287,1265][356,1287]
-1.5 [304,1319][340,1335]
Ca [481,14][506,38]
al [523,14][571,38]
100% [584,14][649,38]
1.83 [301,1352][344,1369]
(o) [345,1419][388,1449]
In-Play [338,1472][396,1489]
Total [448,599][497,618]
O [436,654][448,671]
158.5 [457,653][509,671]
1.83 [452,688][494,705]
U [453,737][459,759]
158.5 [458,737][511,759]
1.83 [452,773][496,790]
Total [449,933][498,950]
0 [443,987][456,1003]
78.5 [463,987][505,1003]
1.83 [452,1020][496,1037]
Quarter [501,415][574,433]
U [457,1069][463,1091]
78.5 [463,1069][505,1091]
1.83 [452,1105][496,1122]
Total [449,1265][497,1282]
0 [443,1319][456,1335]
39.5 [464,1319][505,1335]
1.80 [452,1352][496,1369]
£4.07 [536,179][588,199]
(+) [598,180][620,200]
21 [578,92][593,104]
My [476,1473][501,1489]
Bets [507,1473][543,1489]
BB [583,527][606,542]
Money [569,601][636,623]
Li.. [643,601][675,623]
1.43 [604,672][648,689]
2.65 [603,757][648,774]
BB [583,859][606,874]
Money [569,930][634,957]
Li. [648,929][664,956]
1.54 [604,1004][649,1021]
2.35 [603,1089][648,1106]
BB [583,1191][606,1206]
Money [569,1265][636,1287]
Li... [643,1265][675,1287]
1.60 [603,1334][647,1352]
Casino [623,1472][680,1486]
