720x1600
15:46 [56,15][118,36]
o [107,85][134,109]
bet365.com/#/AC/B1 [153,85][427,109]
bet365 [19,176][169,208]
Popular [35,412][112,436]
Bet [156,415][187,431]
Builder [195,415][262,431]
Game [305,415][362,431]
Team [404,415][458,431]
X [21,514][42,536]
KB [59,514][92,536]
Prishtina [102,514][214,536]
+5.5 [223,514][277,536]
Point [58,549][114,575]
Spread [121,550][196,576]
£0.00 [20,657][110,690]
Vellaznimi [67,584][167,606]
vs [166,584][188,606]
KB [196,584][221,606]
Prishtina [230,584][315,606]
+£1 [92,890][143,914]
YACKPOr [32,767][142,788]
Platinum [164,767][244,788]
£80,760.68 [256,767][358,788]
365 [51,788][109,809]
Home [44,1473][92,1486]
1 [112,983][124,1011]
Kosovo [200,268][272,288]
Superliga [279,268][371,288]
• [379,268][384,288]
27 [392,268][416,288]
Sep [423,268][459,288]
16:00 [467,268][520,288]
Vellaznimi [165,325][304,347]
vs [313,325][342,347]
KB [353,325][388,347]
Prishtina [399,325][517,347]
4 [110,1067][122,1095]
7 [109,1151][130,1180]
Last [164,803][198,816]
won: [203,803][242,816]
00:22:50 [249,803][321,816]
Remember [56,1341][172,1359]
Stake [179,1341][238,1359]
All [185,1470][204,1490]
Sports [202,1470][256,1490]
+£5 [332,890][387,914]
2 [350,983][370,1012]
5 [348,1067][370,1095]
8 [350,1150][371,1178]
0 [360,1237][368,1264]
Ca [481,15][504,38]
l [559,15][565,38]
100% [587,15][648,38]
(o) [345,1419][388,1449]
+ [476,83][505,112]
In-Play [338,1472][396,1490]
£4.07 [536,179][588,202]
+ [598,182][623,203]
Quarter [501,415][574,433]
21 [578,92][593,104]
Place [478,672][550,694]
Bet [560,672][604,694]
My [476,1473][501,1489]
Bets [507,1473][543,1489]
£0.50 [555,786][602,799]
Done [514,1342][567,1359]
+£20 [562,887][635,915]
3 [589,982][609,1010]
H [626,410][634,437]
A [664,410][690,437]
6 [590,1067][611,1094]
1.83 [640,515][693,535]
Casino [623,1472][680,1486]
