720x1600
15:46 [56,15][118,36]
bet365 [19,176][169,208]
o [107,85][134,109]
bet365.com/#/AC/B1 [153,85][427,109]
Popular [35,412][112,436]
Bet [156,415][187,431]
Builder [195,415][262,431]
Game [305,415][362,431]
Team [404,415][458,431]
X [21,514][42,536]
KB [59,514][92,536]
Prishtina [102,514][214,536]
+5.5 [223,514][277,536]
Point [58,549][114,574]
Spread [120,550][195,576]
Stake [20,654][69,669]
Vellaznimi [58,587][159,603]
vs [167,587][187,603]
KB [196,587][221,603]
Prishtina [230,587][315,603]
£0.10 [33,679][109,716]
365 [51,788][109,809]
YACKPO7 [32,767][143,788]
Platinum [164,767][244,788]
£80,777.77 [256,767][360,788]
+£1 [92,890][143,914]
Home [44,1473][92,1486]
1 [112,983][124,1011]
Kosovo [200,268][272,288]
Superliga [279,268][371,288]
• [379,268][384,288]
27 [392,268][416,288]
Sep [423,268][459,288]
16:00 [467,268][520,288]
Vellaznimi [165,325][304,347]
vs [313,325][342,347]
KB [353,325][388,347]
Prishtina [399,325][517,347]
4 [111,1068][122,1095]
7 [109,1151][129,1180]
Last [164,803][198,816]
won: [203,803][242,816]
00:22:50 [249,803][321,816]
Remember [56,1339][170,1360]
Stake [178,1339][236,1358]
All [185,1470][204,1490]
Sports [202,1470][256,1490]
+£5 [332,890][387,914]
2 [349,982][370,1012]
5 [350,1069][371,1093]
8 [349,1151][369,1176]
0 [350,1237][366,1264]
Ca [481,15][504,38]
l [559,15][565,38]
100% [587,15][648,38]
(o) [345,1419][388,1449]
+ [476,83][505,112]
In-Play [338,1472][396,1490]
£4.07 [536,179][588,202]
+ [598,182][623,203]
Quarter [501,415][574,433]
21 [578,92][593,104]
Place [477,658][550,680]
Bet [560,658][604,680]
To [464,696][486,711]
Return [493,696][552,711]
£0.18 [560,696][612,711]
My [476,1473][501,1489]
Bets [507,1473][543,1489]
£0.50 [555,786][602,799]
Done [514,1342][567,1359]
+£20 [562,887][635,915]
H [626,410][634,437]
A [664,410][690,437]
6 [590,1067][609,1092]
1.83 [640,515][693,535]
Casino [623,1472][680,1486]
