720x1600
15:46 [56,17][120,36]
bet365 [19,176][169,209]
o [107,85][134,109]
bet365.com/#/AC/B1 [153,85][429,109]
+ [476,83][505,112]
Popular [35,412][112,435]
Bet [156,415][188,431]
Builder [195,415][263,431]
Game [305,415][362,431]
Team [404,415][458,431]
Game [39,524][111,545]
Lines [120,524][185,545]
Vellaznimi [37,669][147,689]
KB [39,756][67,774]
Prishtina [76,756][169,774]
1st [40,855][75,877]
Half [85,855][136,876]
Vellaznimi [38,1003][148,1021]
Stake [20,1253][69,1268]
X [21,1112][42,1135]
KB [59,1112][92,1135]
Prishtina [102,1112][214,1135]
+5.5 [223,1112][277,1135]
Point [58,1150][114,1173]
Spread [121,1150][196,1174]
Vellaznimi [165,325][305,347]
vs [313,325][342,347]
KB [353,325][388,347]
Prishtina [399,325][517,347]
£0.10 [20,1284][108,1309]
Kosovo [200,268][272,289]
Superliga [279,268][371,289]
• [379,268][384,289]
27 [392,268][415,289]
Sep [423,268][459,289]
16:00 [467,268][520,289]
+£1 [92,1358][143,1382]
Home [44,1473][92,1486]
Spread [287,601][356,623]
All [185,1470][204,1490]
Sports [202,1470][256,1490]
-5.5 [305,655][340,671]
1.83 [301,688][344,705]
+5.5 [302,740][343,756]
1.83 [301,773][344,790]
Vellaznimi [58,1185][159,1201]
vs [166,1185][188,1201]
KB [196,1185][221,1201]
Prishtina [230,1185][315,1201]
Spread [287,930][355,955]
-2.5 [305,987][340,1003]
1.80 [301,1020][345,1037]
+2.5 [300,1072][347,1089]
Ca [481,14][506,38]
al [523,14][571,38]
100% [584,14][649,38]
+£5 [332,1358][387,1382]
(o) [345,1419][388,1449]
In-Play [338,1472][396,1489]
Total [448,599][497,618]
O [436,654][448,671]
158.5 [457,653][510,671]
1.83 [452,688][494,705]
U [451,738][455,757]
158.5 [457,737][509,757]
1.83 [452,773][496,790]
Total [449,933][498,950]
Quarter [501,415][574,433]
O [443,987][456,1003]
78.5 [463,987][505,1003]
1.83 [452,1020][496,1037]
U [459,1070][464,1087]
78.5 [462,1070][507,1087]
£4.07 [536,179][588,199]
(+) [598,180][620,200]
21 [578,92][593,104]
BB [583,527][606,542]
My [476,1473][501,1489]
Bets [507,1473][543,1489]
Money [569,601][636,623]
Li.. [643,601][675,623]
1.43 [604,672][648,689]
2.65 [603,757][648,774]
BB [583,859][606,874]
Money [569,930][634,957]
Li. [647,930][665,956]
1.54 [604,1004][649,1021]
Place [477,1257][550,1279]
Bet [560,1257][604,1279]
To [464,1295][486,1310]
Return [493,1295][552,1310]
£0.18 [560,1295][612,1310]
+£20 [562,1358][637,1382]
1.83 [640,1113][693,1133]
Casino [623,1472][680,1486]
