720x1600
11:51 [60,14][118,40]
o [107,85][134,109]
bet365.com/#/AC/B1 [153,85][429,109]
Popular [35,327][110,350]
Bet [156,330][187,346]
Builder [195,330][263,346]
Result [307,330][367,346]
Goals [409,330][464,346]
Full [39,440][81,461]
Time [90,440][153,461]
Result [163,440][241,461]
Lucksta [79,514][158,533]
IF [169,514][184,532]
2.90 [110,553][155,570]
Double [38,632][124,654]
Chance [133,633][226,655]
2.5 [88,888][119,906]
Goals [39,741][108,764]
Over/Under [118,741][260,764]
0.5 [89,1136][120,1153]
1.5 [89,1221][120,1238]
Sweden [174,183][251,202]
2.div [259,183][305,202]
Norrland [313,183][396,202]
27 [418,183][441,202]
Sep [449,183][484,202]
12:00 [493,183][546,202]
3.5 [88,1303][118,1321]
Alternative [38,989][175,1010]
Total [183,989][244,1010]
Goals [253,989][323,1010]
4.5 [88,1389][120,1406]
Lucksta [199,236][302,265]
IFv [314,236][366,265]
Täfteå [374,236][462,265]
IK [456,236][489,265]
v [500,236][521,265]
5.5 [89,1474][120,1491]
I|| [147,1543][172,1570]
Draw [335,516][387,533]
3.90 [338,553][383,570]
Over [295,819][340,835]
1.33 [296,889][340,906]
Over [295,1066][341,1082]
1.012 [289,1136][348,1153]
1.10 [296,1221][340,1238]
1.83 [296,1305][340,1322]
Ca [481,15][504,38]
l [559,15][565,38]
100% [586,15][647,38]
2.75 [295,1389][341,1406]
+ [476,83][505,112]
4.50 [295,1474][340,1491]
Half [507,329][544,346]
17 [577,92][594,104]
Other [588,327][639,346]
Asi [683,330][713,346]
Täfteå [539,511][608,533]
lK [616,513][635,534]
1.95 [566,553][611,570]
Under [544,818][603,835]
3.25 [551,887][596,905]
Under [543,1063][602,1081]
13.00 [545,1136][603,1153]
6.50 [552,1221][596,1238]
1.83 [552,1305][596,1322]
1.40 [552,1389][596,1406]
1.16 [552,1474][596,1491]
