720x1600
G [30,82][59,114]
11:51 [60,14][118,40]
o [107,85][134,109]
bet365.com/#/AC/B1 [153,85][427,109]
bet365 [19,176][169,208]
Popular [35,411][112,436]
Full [39,524][81,545]
Time [90,524][153,545]
Result [163,524][241,545]
Lucksta [79,600][160,618]
IF [170,600][187,618]
2.90 [110,637][155,654]
2.5 [88,974][120,991]
Double [39,719][125,740]
Chance [134,719][227,740]
Goals [39,825][108,847]
Over/Under [118,825][261,847]
0.5 [89,1221][120,1238]
Home [44,1473][92,1486]
Sweden [174,268][251,287]
2.div [259,268][305,287]
Norrland [313,268][396,287]
• [405,268][409,287]
27 [418,268][441,287]
Sep [449,268][484,287]
12:00 [493,268][546,287]
1.5 [89,1305][120,1322]
Lucksta [199,323][302,347]
IF [312,323][335,347]
v [343,323][358,347]
Täfteà [365,323][451,347]
IK [460,323][485,347]
v [500,323][521,347]
Bet [155,413][187,431]
Builder [194,413][261,431]
Result [307,415][367,431]
Goals [409,415][464,431]
Half [507,414][546,431]
Alternative [38,1073][175,1094]
Total [182,1073][246,1094]
Goals [253,1073][323,1094]
All [185,1470][204,1490]
Sports [202,1470][256,1490]
Draw [335,601][387,618]
3.90 [338,637][382,654]
Over [295,901][337,918]
1.33 [296,974][340,991]
Over [295,1151][340,1167]
1.012 [290,1221][348,1238]
1.10 [296,1305][340,1322]
Ca [481,15][504,38]
l [559,15][565,38]
100% [587,15][648,38]
199 [296,1389][340,1398]
+ [476,83][505,112]
(o) [345,1419][388,1449]
In-Play [338,1472][396,1489]
£4.07 [537,180][589,201]
(+) [599,180][623,201]
17 [577,92][594,104]
My [476,1473][501,1489]
Bets [507,1473][543,1489]
Othe [587,415][632,430]
BB [583,527][606,542]
Täfteå [547,596][617,619]
lK [616,597][635,620]
1.95 [566,637][611,654]
BB [583,721][606,736]
BB [583,828][605,843]
Under [544,902][603,919]
3.25 [551,974][596,991]
BB [583,1076][606,1091]
Under [544,1150][603,1167]
13.00 [545,1221][603,1238]
6.50 [552,1305][596,1322]
199 [552,1389][596,1398]
Casino [623,1472][680,1486]
