720x1600
11:30 [55,15][116,35]
O [129,15][149,35]
G [30,82][59,114]
bet365 [19,176][169,208]
Popular [35,411][112,436]
o [107,85][134,109]
bet365.com/#/AC/B1 [153,85][429,109]
+ [476,83][505,112]
Full [39,524][81,545]
Time [90,524][153,545]
Result [163,524][241,545]
FC [75,600][101,618]
Arlanda [109,600][190,618]
1.83 [111,637][155,654]
2.5 [88,974][120,991]
Double [39,719][125,740]
Chance [134,719][227,740]
Sweden [163,268][240,288]
1.div [249,268][294,288]
Norra [302,268][355,288]
27 [376,268][399,288]
Sep [407,268][443,288]
12:00 [451,268][504,288]
Goals [39,825][108,847]
Over/Under [118,825][261,847]
0.5 [89,1221][120,1238]
G [40,1456][96,1472]
1.5 [89,1305][120,1322]
Home [44,1473][92,1486]
FC [220,321][253,350]
Arlanda [251,321][355,351]
v [363,322][378,351]
Enköping [387,322][509,353]
Bet [156,415][188,431]
Builder [195,415][263,431]
Result [307,415][367,431]
Corners [410,415][485,431]
Alternative [38,1073][175,1094]
Total [183,1073][244,1094]
Goals [253,1073][323,1094]
All [175,1472][196,1490]
Sports [202,1472][256,1490]
Draw [334,597][385,618]
3.70 [338,637][382,654]
Over [295,903][340,919]
1.50 [296,974][340,991]
Over [295,1151][341,1167]
Ca [481,14][506,38]
al [523,14][571,38]
100% [584,14][649,38]
1.02 [296,1221][341,1238]
1.14 [296,1303][338,1322]
(o) [345,1419][388,1449]
In-Play [338,1472][396,1489]
17 [577,92][594,104]
£--,- [544,179][581,205]
Goals [529,415][584,431]
My [476,1473][501,1489]
Bets [507,1473][543,1489]
Enköping [539,598][636,622]
3.40 [565,637][610,654]
Under [544,902][603,919]
2.50 [551,974][596,991]
Under [544,1150][603,1167]
11.00 [545,1221][603,1238]
5.00 [552,1305][596,1322]
Half [627,414][665,431]
C [708,415][718,431]
16 [551,1388][589,1399]
V [660,530][683,542]
Casino [623,1472][680,1486]
