720x1600
WEE [56,16][124,37]
v [141,22][152,31]
10 [167,21][186,37]
e1 [517,15][543,33]
..-- [550,15][567,32]
mvr [579,15][665,37]
m [34,85][57,114]
I" [105,84][124,109]
iﬂhléeatemeﬂéﬂm [153,86][427,109]
II [476,99][505,112]
E! [572,84][599,111]
Neutral [57,213][218,252]
text [235,218][321,252]
entry [339,218][452,263]
Enter [56,314][147,343]
a [161,321][178,343]
value [192,312][286,343]
Search [82,440][204,471]
READY [56,566][179,595]
III [150,1544][175,1571]
C) [349,1543][378,1572]
< [558,1543][573,1572]
