720x1600
14:59 [55,13][119,36]
O [131,15][152,36]
G [30,81][59,113]
o [107,85][134,109]
bet365.com/#/HO/ [153,85][404,109]
Search [113,193][193,215]
Footbal| [47,349][114,363]
Horses [189,350][250,363]
UEFA [37,792][94,814]
Nations [102,793][186,816]
League [194,794][274,817]
Greyhounds [307,349][410,367]
ENG [326,794][370,812]
Vs [378,794][401,813]
SL [408,795][435,813]
UEFA [72,871][141,898]
Nations [150,872][254,900]
League [263,873][360,900]
Co [481,15][506,39]
R.ll [528,15][574,39]
100% [584,15][649,39]
+ [476,83][505,112]
bet365 [465,306][528,323]
ROULETTE [442,322][552,338]
Racing [486,793][558,818]
19 [577,92][594,104]
Cricket [606,349][666,363]
Casino [609,794][682,814]
View [608,875][651,891]
All [657,876][679,892]
