720x1600
14:59 [55,15][119,35]
o [107,85][134,109]
bet365.com/#/HO/ [153,85][405,109]
Search [113,194][192,215]
FootballI [47,349][116,363]
UEFA [37,792][94,814]
Nations [102,793][186,816]
League [195,795][274,817]
Sun [32,983][68,1004]
27 [75,985][99,1004]
Sep [108,986][145,1006]
Denmark [70,1084][165,1104]
UEFA [72,871][142,897]
Nations [151,872][254,899]
League [264,873][360,899]
Wales [68,1153][135,1172]
17:00 [39,1261][84,1274]
Horses [189,350][250,363]
UEFA [32,1206][84,1227]
Nations [92,1207][168,1228]
League [177,1208][247,1229]
A [255,1209][267,1229]
Serbia [69,1356][138,1376]
Netherlands [70,1426][204,1444]
Greyhounds [307,349][410,367]
UEFA [32,1478][84,1499]
Nations [92,1479][168,1501]
League [177,1480][247,1501]
A [254,1482][266,1502]
ENG [326,794][370,812]
Vs [378,794][401,813]
SL [408,795][435,813]
1 [406,987][413,1003]
1.36 [386,1120][435,1139]
7.00 [385,1392][434,1411]
Co [481,15][506,39]
R.ll [528,15][574,39]
100% [584,15][649,39]
+ [476,83][505,112]
bet365 [465,306][528,323]
ROULETTE [442,322][552,338]
Racing [486,792][558,818]
5.00 [499,1120][547,1139]
5.00 [499,1392][547,1411]
< [555,1542][570,1571]
19 [577,92][594,104]
Cricket [606,349][666,363]
Casino [609,794][682,812]
View [608,876][651,891]
All [657,876][679,891]
2 [631,987][642,1003]
7.00 [611,1120][660,1139]
1.40 [612,1392][660,1411]
