720x1600
14:59 [55,15][119,35]
o [107,85][134,109]
bet365.com/#/HO/ [153,85][405,109]
Football [48,349][114,363]
Search [113,195][193,214]
UEFA [38,791][94,814]
Nations [101,792][184,816]
League [192,793][270,817]
ENG [321,796][365,813]
Vs [374,796][396,813]
SL [404,796][430,813]
Sun [31,983][68,1002]
27 [76,984][99,1003]
Sep [107,985][144,1003]
6 [23,870][56,900]
UEFA [73,870][142,900]
Nations [151,870][253,900]
League [263,870][359,900]
Denmark [70,1084][165,1104]
Wales [68,1152][132,1172]
17:00 [39,1261][83,1274]
UEFA [32,1207][83,1227]
Nations [90,1207][165,1227]
League [174,1208][244,1228]
A [250,1209][264,1229]
Home [44,1473][91,1486]
Horses [190,350][249,363]
Serbia [69,1355][135,1377]
||| [147,1543][172,1570]
Greyhounds [308,349][408,367]
All [185,1470][204,1490]
Sports [202,1470][256,1490]
1.36 [386,1119][434,1138]
(o) [345,1419][388,1449]
1 [415,982][421,1003]
In-Play [338,1472][396,1489]
Co [481,15][506,39]
R.ll [528,15][574,39]
100% [584,15][649,39]
+ [476,83][505,112]
bet365 [461,303][526,323]
ROULETTE [442,322][552,338]
Racing [479,793][551,818]
X [517,986][529,1002]
5.00 [499,1119][547,1138]
My [476,1473][501,1489]
Bets [507,1473][543,1489]
19 [577,92][594,104]
Cricket [606,349][665,363]
Casino [602,796][675,813]
View [606,876][650,890]
All [655,876][678,890]
2 [631,986][642,1001]
7.00 [611,1119][660,1138]
1 [612,1391][619,1398]
Casino [623,1472][680,1486]
