720x1600
19:54 [56,17][120,36]
> [133,15][154,38]
O [164,16][185,37]
w [480,20][505,34]
”#1.: [514,15][557,37]
100%. [579,16][665,36]
m [30,81][61,115]
‘23 [106,86][135,109]
bet365.com/#/AX/K9 [153,84][427,109]
+ [475,82][506,113]
E] [569,81][602,114]
Q [38,175][70,208]
Fulham [88,181][168,200]
Crystal [176,181][254,205]
Palacd [263,178][338,207]
X [567,181][590,204]
Close [632,183][682,198]
9 [46,1418][89,1457]
Q [195,1416][237,1458]
«o» [345,1419][388,1449]
@0 [489,1412][548,1458]
Home [43,1473][92,1486]
All [174,1472][196,1486]
Sports [202,1473][257,1490]
ln-Play [338,1472][396,1490]
My [476,1473][501,1490]
Bets [507,1473][543,1486]
casino [623,1472][680,1486]
IQI [625,1416][678,1460]
3, [25,1535][54,1575]
III [148,1543][173,1570]
C) [347,1542][376,1571]
v [549,1548][578,1564]
