720x1600
1953 [56,17][120,36]
® [133,15][154,38]
0 [164,16][185,37]
(m [480,20][505,34]
”#1.: [514,15][557,37]
100%. [579,16][665,36]
ED [31,81][60,114]
2; [106,86][135,109]
bet365.com/#/HO/ [153,85][405,109]
+ [476,83][505,112]
bet365 [19,176][169,209]
e [599,179][625,205]
g [657,178][694,218]
Q [53,274][86,307]
Search [113,279][194,298]
1‘9 [61,376][100,413]
3) [196,371][245,420]
as [334,376][383,413]
S‘mazm [468,377][691,422]
Faothall [47,433][114,447]
Scores [191,434][248,447]
Horses [329,434][388,447]
Greyhaunds [447,433][547,451]
POR [39,502][85,519]
v [92,506][104,519]
WAL [111,502][160,519]
Nations [210,502][291,519]
League [300,502][377,524]
Racing [428,502][498,524]
Casino [549,502][621,519]
ENG [672,502][716,519]
'35) [19,573][56,609]
UEFA [73,579][142,600]
Nations [151,578][253,600]
League [263,579][359,606]
View [607,582][651,597]
All [657,582][680,597]
 [602,433][669,434]
Thu [31,672][69,689]
24 [76,673][101,689]
Sep [108,673][145,694]
1 [406,673][413,689]
X [517,673][530,689]
2 [631,673][642,689]
3 [31,769][59,797]
Portugal [70,773][161,796]
0 [308,772][322,791]
1.18 [386,806][434,825]
7.00 [498,806][547,825]
12.00 [604,806][667,825]
. [31,837][59,864]
Wales [69,841][134,859]
0 [308,840][322,859]
l [31,913][32,931]
06:21 [38,914][83,927]
l [92,913][93,931]
.1.) [100,913][121,930]
BET [16,1017][75,1041]
BUILDER [84,1017][224,1042]
+ [235,1017][261,1041]
 [360,1078][709,1104]
(‘1 [318,1108][340,1125]
06:21 [351,1108][397,1123]
6 [38,1147][99,1209]
Portugal [167,1165][280,1193]
0 [313,1166][328,1187]
- [356,1177][364,1180]
0 [392,1166][407,1187]
Wales [439,1165][519,1187]
View [311,1236][351,1249]
match [357,1235][408,1249]
Shots [145,1323][201,1339]
on [208,1327][231,1339]
Target [238,1323][301,1344]
Shots [343,1323][399,1339]
Fouls [442,1323][494,1339]
emu-n [468,1388][525,1398]
m- [531,1392][551,1398]
Tn [599,1388][623,1398]
I“, [630,1387][653,1398]
Q [46,1418][89,1457]
Q [195,1416][237,1458]
«o» [345,1419][388,1449]
(6" [490,1412][548,1457]
E13 [625,1416][678,1460]
Home [44,1473][92,1486]
All [175,1472][196,1486]
Sparts [202,1473][257,1490]
ln-Play [338,1472][396,1490]
My [476,1473][501,1490]
Bets [507,1473][543,1486]
casino [623,1472][680,1486]
III [148,1543][173,1570]
C) [347,1542][376,1571]
< [555,1542][572,1571]
