720x1600
1953 [56,17][120,36]
® [133,15][154,38]
0 [164,16][185,37]
(m [480,20][505,34]
”#1.: [514,15][557,37]
100%. [579,16][665,36]
m [30,81][61,115]
‘23 [106,86][135,109]
bet365.com/#/AX/ [153,84][397,109]
+ [475,82][506,113]
G) [63,953][94,984]
E73 [222,953][253,984]
E] [382,953][409,984]
$163 [539,953][569,985]
1 [39,1045][50,1071]
2 [107,1045][125,1071]
3 [175,1045][194,1072]
4 [245,1045][265,1071]
5 [317,1045][335,1072]
6 [386,1045][404,1072]
7 [455,1045][473,1071]
8 [525,1045][543,1072]
9 [595,1045][613,1072]
0 [665,1045][683,1072]
Q [32,1137][59,1169]
W [97,1137][134,1166]
E [176,1137][195,1166]
R [246,1137][266,1166]
T [314,1137][336,1166]
Y [384,1137][407,1166]
U [453,1137][475,1167]
| [532,1137][536,1166]
O [591,1137][618,1167]
P [665,1137][686,1166]
A [67,1237][92,1266]
S [139,1237][161,1267]
D [209,1237][233,1266]
F [282,1237][300,1266]
G [347,1237][374,1267]
H [419,1237][442,1266]
J [492,1237][505,1267]
K [559,1237][582,1266]
L [631,1237][649,1266]
GZXCVBNMG] [41,1333][682,1366]
[#1 [43,1436][84,1462]
I [145,1464][153,1476]
English [298,1440][370,1463]
(UK) [378,1439][424,1462]
. [566,1464][573,1470]
Go [640,1439][674,1459]
V [25,1554][54,1575]
IN [148,1543][173,1570]
C) [347,1542][376,1571]
V [549,1548][578,1564]
