720x1600
19:53 [56,16][120,37]
Ba [133,15][154,38]
0 [164,16][185,37]
w [480,20][505,34]
€m100%l [514,15][665,37]
m [30,81][61,115]
a; [106,86][135,109]
bet365.com/#/AX/K‘3 [153,84][427,109]
+ [475,82][506,113]
Q [38,175][70,208]
Kyoto [88,181][150,205]
Hannaryz [158,181][263,205]
Shiga [271,181][333,205]
Lake [341,181][393,200]
Stars| [400,178][460,207]
X [567,181][590,204]
Close [632,183][682,198]
 [0,290][716,1464]
Home [43,1473][92,1486]
All [174,1472][196,1486]
Sports [202,1473][257,1490]
ln-Play [338,1472][396,1490]
My [476,1473][501,1490]
Bets [507,1473][543,1486]
casino [623,1472][680,1486]
III [147,1542][174,1571]
C) [347,1542][376,1571]
< [555,1542][572,1571]
