720x1600
19:53 [56,16][120,37]
Ba [133,15][154,38]
0 [164,16][185,37]
ea [480,20][505,34]
ﬁ...\100%l [513,15][665,37]
m [30,81][61,115]
2; [106,86][135,109]
bet365.com/#/AX/K‘3 [153,84][427,109]
+ [475,82][506,113]
E [672,82][679,113]
Q [38,175][70,208]
Kyoto [88,181][150,205]
Hannaryz [158,181][263,205]
Shigaake [271,178][393,252]
Stars [400,181][458,200]
X [567,181][590,204]
Close [632,183][682,198]
Casino [20,309][93,327]
 [0,362][716,891]
1 [38,1045][50,1071]
2 [106,1045][125,1071]
3 [175,1045][194,1072]
4 [245,1045][265,1071]
5 [316,1045][335,1072]
6 [385,1045][404,1072]
7 [455,1045][473,1071]
8 [524,1045][543,1072]
9 [595,1045][614,1072]
0 [664,1045][683,1072]
q [34,1142][55,1173]
w [100,1143][131,1164]
e [175,1142][196,1165]
r [250,1142][262,1164]
t [318,1136][332,1165]
y [385,1143][406,1174]
u [455,1143][473,1165]
i [532,1134][537,1164]
o [594,1142][615,1165]
p [664,1142][685,1173]
a [70,1242][88,1265]
s [141,1242][158,1265]
d [209,1234][230,1265]
f [284,1233][297,1264]
g [349,1242][370,1274]
h [421,1234][440,1264]
j [493,1234][502,1274]
k [560,1234][579,1264]
| [637,1234][642,1264]
4} [41,1333][74,1366]
z [140,1342][158,1363]
x [210,1342][229,1363]
c [280,1342][299,1364]
v [350,1342][370,1363]
b [420,1333][440,1364]
n [491,1342][509,1363]
m [555,1342][586,1363]
(E) [643,1335][682,1364]
!#1 [42,1436][84,1462]
English [298,1440][370,1463]
(UK) [378,1439][424,1462]
_ [566,1463][573,1470]
Go [640,1438][674,1460]
