720x1600
1953 [56,17][120,36]
® [133,15][154,38]
0 [164,16][185,37]
(m [480,20][505,34]
”#1.: [514,15][557,37]
100%. [579,16][665,36]
m [30,81][61,115]
2; [106,86][135,109]
bet365.com/#/HO/ [153,84][405,109]
+ [475,82][506,113]
[E] [569,81][602,114]
'15? [61,292][100,329]
3) [196,287][245,336]
ﬂ [334,292][383,329]
9‘ [468,293][526,328]
Faothall [47,349][114,363]
Scores [191,350][248,363]
Horses [329,350][388,363]
Greyhaunds [447,349][547,367]
POR [39,796][85,813]
v [92,800][104,813]
WAL [111,796][160,813]
Nations [210,796][291,813]
League [300,796][377,818]
Racing [428,796][498,818]
Casino [549,796][621,813]
ENG [672,796][716,813]
'35) [19,867][56,903]
UEFA [73,873][142,894]
Nations [151,872][253,894]
League [263,873][359,900]
View [607,876][651,891]
All [657,876][680,891]
Thu [31,966][69,983]
24 [76,967][101,983]
Sep [108,967][145,988]
1 [406,967][413,983]
X [517,967][530,983]
2 [631,967][642,983]
3 [31,1063][59,1091]
Portugal [70,1068][161,1091]
. [31,1131][59,1159]
Wales [69,1135][134,1153]
19:45 [39,1208][84,1221]
BET [16,1311][75,1335]
BUILDER [84,1311][224,1336]
+ [235,1311][261,1335]
 [354,1373][709,1397]
UEFA [189,1403][240,1419]
Nations [248,1403][323,1419]
League [331,1403][402,1424]
A [409,1403][423,1419]
Thu [433,1403][469,1419]
19:45 [478,1403][531,1419]
6 [38,1436][99,1497]
Portugal [224,1454][337,1482]
v [354,1461][366,1475]
Wales [382,1454][462,1476]
. [621,1435][683,1497]
III [148,1543][173,1570]
C) [347,1542][376,1571]
< [555,1542][572,1571]
