720x1600
1954 [56,17][120,36]
® [133,15][154,38]
0 [164,16][185,37]
(m [480,20][505,34]
”#1.: [514,15][557,37]
100%. [579,16][665,36]
ED [31,81][60,114]
2; [106,86][135,109]
bet365.com/#/HO/ [153,85][405,109]
+ [476,83][505,112]
[E] [569,81][602,114]
bet365 [19,176][169,209]
e [599,179][625,205]
g [657,178][694,218]
Q [53,274][85,307]
Search [113,279][194,298]
1‘9 [61,376][100,413]
3) [196,371][245,420]
1‘ [334,376][383,413]
S‘mazm [468,377][691,422]
Faothall [47,433][114,447]
Scores [191,434][248,447]
Horses [329,434][388,447]
Greyhaunds [447,433][547,451]
 [602,433][669,434]
POR [39,880][85,897]
v [92,884][104,897]
WAL [111,880][160,897]
Nations [210,880][291,897]
League [300,880][377,902]
Racing [428,880][498,902]
Casino [549,880][621,897]
ENG [672,880][716,897]
(‘3) [19,951][56,987]
UEFA [73,958][142,979]
Nations [151,957][253,979]
League [263,958][359,985]
View [607,960][651,975]
All [657,960][680,975]
Thu [31,1050][69,1067]
24 [76,1051][101,1067]
Sep [108,1051][145,1072]
1 [406,1051][413,1067]
X [517,1051][530,1067]
2 [631,1051][642,1067]
3 [31,1148][59,1176]
Portugal [70,1152][161,1175]
. [31,1215][59,1243]
Wales [69,1220][134,1238]
19:45 [39,1292][84,1305]
113 [46,1418][89,1457]
Q [195,1416][237,1458]
<<°>> [345,1419][388,1449]
® [490,1418][529,1457]
E13 [625,1416][678,1460]
Home [44,1473][92,1486]
All [175,1472][196,1486]
Sparts [202,1473][257,1490]
ln-Play [338,1472][396,1490]
My [476,1473][501,1490]
Bets [507,1473][543,1486]
casino [623,1472][680,1486]
III [148,1543][173,1570]
C) [347,1542][376,1571]
< [555,1542][572,1571]
