720x1600
1954 [56,17][120,36]
® [133,15][154,38]
0 [164,16][185,37]
(m [480,20][505,34]
”#1.: [514,15][557,37]
100%. [579,16][665,36]
m [30,81][61,115]
2; [106,86][135,109]
bet365.com/#/AX/ [153,84][397,109]
+ [475,82][506,113]
[E] [569,81][602,114]
Q [38,175][70,208]
Search [86,178][163,207]
bet365... [172,181][267,200]
Q [574,173][598,212]
Close [632,183][682,198]
RECENT [20,276][95,291]
SEARCHES [101,276][203,291]
C‘ear [655,276][701,291]
Fulham [38,392][121,411]
Crystal [129,392][210,416]
Palace [216,392][293,411]
) [306,399][316,414]
Bask [38,504][94,523]
) [106,512][117,527]
Hapoel [38,617][119,641]
Tel [126,617][160,636]
Aviv [164,617][216,636]
Bayern [221,618][300,641]
Munich [307,617][391,636]
) [405,624][415,639]
Crvena [38,730][117,748]
Zvezda [124,729][206,748]
Zalgiris [213,729][299,753]
) [312,737][322,752]
Hapoel [38,842][119,866]
Jerusalem [125,842][245,861]
Bnei [252,842][304,861]
Herzliya [310,842][402,866]
) [416,849][426,864]
ﬁr [46,1418][89,1457]
Q [195,1416][237,1458]
(W) [345,1419][388,1449]
(5’ [490,1412][548,1457]
EB [625,1416][678,1454]
Hume [43,1473][92,1486]
All [175,1472][196,1486]
Sparts [202,1473][257,1490]
ln-Play [338,1472][396,1490]
My [476,1473][501,1490]
Bets [507,1473][543,1486]
casino [623,1472][680,1486]
III [148,1543][173,1570]
C) [347,1542][376,1571]
< [555,1542][572,1571]
