720x1600
22208 [56,17][124,36]
O [167,16][188,37]
‘e‘).ul| [514,15][567,37]
100%. [579,16][665,36]
Q [31,81][60,114]
©127.0.0.1:62469/text. [102,79][426,116]
+ [476,83][505,112]
 [0,0][720,156]
Neutral [57,213][218,252]
text [235,218][321,252]
entry [339,218][452,263]
Enter [56,314][147,343]
a [161,321][178,343]
value [192,312][286,343]
IHHIHHHIIIIIIIIIIIIIII [53,395][665,521]
FOCUSED [56,566][230,595]
© [63,1089][94,1120]
6’ [222,1089][253,1120]
E] [382,1089][409,1120]
@ [539,1089][569,1121]
1234567890 [39,1181][683,1208]
 [0,1060][720,1600]
