720x1600
19:50 [56,17][120,36]
®® [164,14][218,39]
- [234,22][242,30]
”arm” [514,15][567,37]
100%- [579,16][665,36]
ED [31,81][60,114]
A192.168.4.108:8767/m [105,84][427,110]
+ [476,83][505,112]
 [0,0][720,156]
EVENT [41,197][181,230]
Code [40,267][118,293]
7248 [130,268][207,293]
League [41,327][152,359]
Academy [163,326][310,359]
Time [38,386][116,411]
15:45 [129,386][213,411]
Home [41,445][132,470]
Maple [145,444][239,477]
Town [249,445][332,470]
Away [38,504][122,536]
Meadow [135,503][267,529]
City [279,504][337,536]
MARKETS [66,604][240,632]
