720x1600
19150 [56,17][120,36]
8>® [164,14][218,39]
o [234,22][242,30]
31.11 [514,15][567,37]
10070. [579,16][665,36]
n [31,81][60,114]
A 192.168.11.10828767/[11 [105,84][427,110]
+ [476,83][505,112]
MARKETS [41,197][253,230]
Match winner [40,277][289,307]
HOME [40,348][132,372]
NONE [219,350][325,379]
1.90 [360,350][434,379]
OPEN [471,348][554,372]
D RAW [40,430][130,454]
NONE [219,432][325,461]
3.40 [358,432][434,461]
OPEN [471,430][554,454]
AWAY [38,512][128,536]
NONE [219,514][325,543]
2.10 [358,514][434,543]
OPEN [471,512][554,536]
Handicap [40,606][211,644]
HOME [40,677][132,701]
-1.5 [217,679][282,708]
1.95 [360,679][435,708]
OPEN [471,677][554,701]
AWAY [38,759][128,783]
+1.5 [217,761][294,790]
1.85 [360,761][435,790]
OPEN [471,759][554,783]
Total [38,853][127,883]
points [142,853][254,891]
OVER [40,924][121,948]
2.5 [218,926][271,955]
1.80 [360,926][434,955]
OPEN [471,924][554,948]
UNDER [40,1006][145,1030]
2.5 [218,1008][271,1037]
2.00 [358,1008][434,1037]
OPEN [471,1006][554,1030]
