720x1600
19150 [56,17][120,36]
8 9 [164,14][218,39]
o [234,22][242,30]
31.11 [514,15][567,37]
10070. [579,16][665,36]
n [31,81][60,114]
A 192.168.11.10828767/[11 [105,84][427,110]
+ [476,83][505,112]
DRYRUN [41,197][217,230]
Code [40,267][118,293]
7248 [130,268][207,293]
League [41,327][152,359]
Academy [163,326][310,359]
Time [38,386][116,411]
15245 [129,386][213,411]
Home [41,445][132,470]
Maple [145,444][239,477]
Town [249,445][332,470]
Away [38,504][122,536]
Meadow [135,503][267,529]
City [279,504][337,536]
Stake [39,562][125,588]
10.00 [247,563][345,592]
Market [41,627][147,653]
Total [245,626][333,657]
points [349,628][458,665]
Side [39,691][105,717]
UNDER [247,692][375,721]
Line [41,757][102,782]
2.5 [246,757][299,786]
Price [41,822][117,847]
2.00 [246,822][322,851]
State [39,887][119,912]
REVIEW [247,887][389,916]
OK [403,887][454,916]
Local [40,958][99,977]
simulation. [109,958][235,977]
No [246,958][276,977]
transaction. [284,958][420,977]
