720x1600
19:50 [56,17][120,36]
®® [164,14][218,39]
- [234,22][242,30]
”emu [514,15][567,37]
100%- [579,16][665,36]
ED [31,81][60,114]
A192.168.4.108:8767/ni [105,84][427,110]
+ [476,83][505,112]
 [0,0][720,156]
FIXTURES [41,197][250,230]
Code [63,292][142,318]
5913 [155,293][230,318]
League [64,344][176,376]
Academy [187,343][334,376]
Time [62,395][140,420]
17:00 [153,395][237,420]
Home [64,447][156,472]
Meadow [169,446][301,472]
Town [311,447][394,472]
Away [62,498][146,530]
Elm [158,497][213,523]
City [227,498][284,530]
Code [63,603][142,629]
5914 [155,604][232,629]
League [64,655][176,687]
Junior [187,655][285,680]
Time [62,707][140,732]
17:00 [153,707][237,732]
Home [64,758][156,783]
Meadow [169,757][301,783]
Youth [312,757][400,783]
Away [62,809][146,841]
Elm [158,808][213,834]
City [227,809][284,841]
Code [63,914][142,940]
5915 [155,915][231,940]
League [64,967][176,999]
Academy [187,966][334,999]
Time [62,1018][140,1043]
17:00 [153,1018][237,1043]
Home [64,1069][156,1094]
Maple [169,1068][263,1101]
Town [273,1069][356,1094]
Away [62,1121][146,1153]
Willow [157,1120][259,1146]
City [271,1121][329,1153]
