720x1600
15:47 [56,17][118,36]
bet365 [19,176][169,208]
Football [48,433][114,447]
% [107,85][134,109]
bet365.com/#/HO/ [153,85][405,109]
UEFA [38,498][94,519]
Nations [101,499][184,521]
League [192,501][270,523]
Search [113,279][193,298]
Sun [31,687][69,708]
27 [76,689][100,708]
Sep [107,690][144,711]
Denmark [70,792][167,810]
17:00 [39,966][83,979]
Wales [69,856][132,880]
UEFA [32,911][83,931]
Nations [90,912][165,933]
League [174,914][244,935]
A [251,915][265,934]
Serbia [69,1064][138,1082]
17:00 [39,1238][83,1251]
UEFA [91,574][144,602]
Nations [159,574][251,603]
League [262,575][358,604]
Netherlands [70,1132][201,1150]
G [45,1418][88,1457]
Horses [190,434][249,447]
UEFA [32,1182][82,1203]
Nations [90,1183][165,1205]
League [174,1185][244,1207]
A [250,1187][264,1207]
Home [44,1473][91,1486]
Austria [69,1336][147,1354]
||| [147,1543][172,1570]
Greyhounds [308,431][406,450]
All [175,1472][196,1490]
Sports [202,1472][256,1490]
1.40 [385,824][432,842]
ENG [321,502][365,519]
Vs [374,502][396,519]
SL [404,502][429,519]
Racing [480,500][551,523]
1 [406,691][413,707]
7.00 [384,1094][433,1115]
1.57 [386,1366][432,1386]
(o) [345,1419][388,1449]
In-Play [338,1472][396,1490]
Co [481,15][506,39]
R.ll [528,15][574,39]
100% [584,15][649,39]
+ [476,83][505,112]
bet365 [467,389][528,406]
ROULETTE [442,405][553,424]
£3.97 [537,180][589,201]
(+) [599,180][622,201]
X [517,691][530,707]
5.00 [499,824][547,843]
5.00 [499,1096][547,1115]
4.00 [498,1368][547,1387]
21 [578,92][593,104]
My [476,1473][501,1489]
Bets [507,1473][543,1489]
Cricket [606,433][665,447]
Casino [602,502][675,519]
View [607,582][651,597]
All [657,582][680,597]
2 [631,691][642,706]
6.50 [612,822][658,842]
1.40 [612,1096][660,1115]
5.50 [612,1365][658,1387]
Casino [623,1472][680,1486]
