720x1600
15:47 [56,17][118,36]
G [30,82][59,114]
o [107,85][134,109]
bet365.com/#/MB/U [153,85][425,109]
bet365 [19,176][169,208]
Open [36,272][86,293]
Live [130,272][167,288]
Settled [210,272][278,288]
£0.10 [50,366][121,391]
Single [139,367][216,392]
KB [238,369][263,393]
Prishtina [272,369][348,394]
+5.5 [354,370][390,395]
£1.00 [51,494][121,520]
Single [139,496][216,522]
Arsenal [238,499][300,524]
Home [44,1473][92,1486]
All [185,1470][204,1490]
Sports [202,1470][256,1490]
(o) [345,1419][388,1449]
In-Play [338,1472][396,1489]
Co [481,15][506,39]
R.ll [528,15][574,39]
100% [584,15][649,39]
+ [475,82][506,113]
21 [578,92][593,104]
£3.97 [537,180][589,201]
() [599,180][623,201]
My [476,1473][501,1489]
Bets [507,1473][543,1489]
Casino [623,1472][680,1486]
