720x1600
15:47 [56,17][118,36]
G [30,82][59,114]
bet365 [19,176][169,208]
o [107,85][134,109]
bet365.com/#/MB/U [153,85][425,109]
Open [36,272][86,293]
Live [130,272][167,288]
Settled [210,272][278,288]
£0.10 [50,367][121,392]
Single [139,368][215,393]
3 [100,454][119,479]
Reuse [134,453][194,478]
Selections [202,451][306,478]
O [57,526][71,545]
KB [93,526][123,545]
Prishtina [133,526][236,545]
+5.5 [244,526][295,545]
1.83 [317,526][364,545]
Point [92,565][137,584]
Spread [144,565][206,584]
I [86,626][92,649]
Vellaznimi [95,626][191,649]
I [85,658][91,680]
KB [105,658][125,680]
Prishtina [136,658][212,680]
Stake [51,774][105,790]
£0.10 [52,807][131,829]
£1.00 [51,928][122,955]
Single [139,928][217,955]
3 [100,1013][120,1038]
Reuse [135,1013][196,1038]
Selections [203,1013][308,1038]
O [57,1085][71,1104]
Arsenal [91,1085][180,1104]
1.33 [203,1085][250,1104]
Home [44,1473][92,1486]
Full [93,1126][122,1141]
Time [129,1126][174,1141]
Result [181,1126][237,1141]
( [51,1171][59,1188]
Arsenal [89,1172][157,1191]
Leeds [91,1222][144,1237]
Stake [51,1320][105,1336]
£1.00 [51,1350][129,1375]
All [185,1470][204,1490]
Sports [202,1470][256,1490]
Sun [361,632][394,651]
27 [402,632][424,651]
Sep [432,632][466,651]
16:00 [362,662][412,677]
(o) [345,1419][388,1449]
In-Play [338,1472][396,1489]
Co [481,15][506,39]
R.ll [528,15][574,39]
100% [584,15][649,39]
+ [475,82][506,113]
£3.97 [537,180][589,201]
() [599,180][623,201]
Share [507,455][562,474]
Share [507,1014][562,1033]
21 [578,92][593,104]
My [476,1473][501,1489]
Bets [507,1473][543,1489]
To [573,773][597,789]
Return [605,772][667,789]
£0.18 [575,807][654,829]
Sat [575,1175][604,1190]
10 [611,1175][632,1190]
Oct [639,1175][670,1190]
To [574,1320][597,1336]
12:30 [619,1222][669,1237]
£1.J [574,1352][654,1374]
Casino [623,1472][680,1486]
