720x1600
15:47 [56,17][118,36]
bet365 [19,176][169,208]
Arsenal [89,234][159,246]
Stake [51,376][105,392]
o [107,85][134,109]
bet365.com/#/MB/U [153,85][425,109]
Leeds [91,278][144,293]
£1.00 [51,406][129,431]
Audio [19,1137][85,1156]
Settings [19,937][115,964]
Language [21,1037][124,1057]
v [136,1037][146,1057]
Horse [20,1232][82,1253]
Racing [91,1233][161,1254]
Footbal| [21,1308][105,1326]
Home [44,1473][92,1486]
All [185,1470][204,1490]
Sports [202,1470][256,1490]
Information [182,806][287,825]
and [294,806][325,825]
transmission [332,806][450,825]
delays [457,806][514,825]
v [525,806][540,825]
Co [481,15][506,39]
R.ll [528,15][574,39]
100% [584,15][649,39]
Odds [376,1033][421,1060]
Display [435,1033][507,1060]
Cricket [361,1306][433,1326]
+ [476,83][505,112]
Greyhounds [361,1231][486,1254]
(o) [345,1419][388,1449]
In-Play [338,1472][396,1490]
£3.97 [536,179][588,199]
(+) [598,180][620,200]
21 [578,92][593,104]
My [476,1473][501,1489]
Bets [507,1473][543,1489]
Sat [575,234][604,246]
10 [611,234][633,246]
Oct [639,234][670,246]
12:30 [619,278][669,293]
To [573,374][599,391]
Return [605,374][668,393]
£1.33 [575,406][652,431]
Casino [623,1472][680,1486]
