720x1600
15:47 [56,17][118,36]
G [30,82][59,114]
bet365 [19,176][169,209]
Horse [20,283][82,306]
Racing [91,285][161,307]
Footbal| [20,359][103,379]
o [107,85][134,109]
bet365.com/#/MB/U [153,85][425,109]
Form [20,462][79,481]
& [87,462][103,481]
Stats [111,462][171,481]
Football [20,555][104,574]
Stats [113,556][167,575]
Horse [21,631][81,655]
Racing [91,630][160,654]
Archive [170,630][247,654]
Scores [20,734][99,753]
& [108,734][123,753]
Results [132,734][218,753]
Live [20,829][61,846]
Scores [69,829][140,846]
Help [20,949][72,973]
Deposits [20,1044][112,1068]
Contact [20,1121][103,1138]
Us [112,1121][137,1138]
Terms [19,1195][88,1213]
and [95,1195][132,1213]
Conditions [141,1195][255,1213]
Technical [18,1267][121,1289]
Issues [130,1269][197,1291]
Cookie [19,1343][92,1365]
Policy [101,1345][163,1366]
Home [44,1473][92,1486]
All [185,1470][204,1490]
Sports [202,1470][256,1490]
Cricket [361,361][435,379]
Greyhounds [361,286][488,309]
Co [481,15][506,39]
R.ll [528,15][574,39]
100% [584,15][649,39]
Sports [361,556][428,579]
Stats [437,555][490,578]
Results [362,829][439,847]
+ [475,82][506,113]
Australian [361,632][468,650]
Horse [477,632][540,650]
Form [549,632][601,650]
Withdrawals [360,1043][492,1063]
bet365 [362,1120][435,1140]
FAQ [444,1120][484,1140]
Safer [360,1192][416,1214]
Gambling [424,1193][524,1216]
Privacy [362,1270][438,1293]
Policy [447,1270][509,1293]
(o) [345,1419][388,1449]
Fair [361,1343][399,1364]
Payouts [408,1344][492,1367]
In-Play [338,1472][396,1489]
21 [578,92][593,104]
£3.97 [536,179][588,199]
(+) [598,180][621,200]
My [476,1473][501,1489]
Bets [507,1473][543,1489]
Casino [623,1472][680,1486]
