720x1600
15:47 [56,17][118,36]
G [30,82][59,114]
bet365 [19,176][169,209]
Terms [19,252][88,270]
and [95,252][132,270]
Conditions [141,252][255,270]
o [107,85][134,109]
bet365.com/#/MB/U [153,85][425,109]
Technical [19,327][122,345]
lssues [131,327][198,345]
Cookie [19,400][92,423]
Policy [101,401][161,424]
Complaints [20,477][141,500]
Procedure [151,477][259,500]
Deposit [21,550][99,573]
Limits [109,549][171,571]
Sites [20,653][77,672]
CareerS [19,749][100,767]
Sports [20,825][89,847]
& [98,825][111,847]
Betting [120,825][193,847]
News [203,825][261,847]
GambleAware [19,1187][218,1213]
GAMBLING [19,1285][155,1305]
COMMISSION [19,1310][185,1330]
Home [44,1473][92,1486]
bet365 [239,991][358,1015]
All [185,1470][204,1490]
Sports [202,1470][256,1490]
Safer [360,250][416,272]
Gambling [424,250][524,273]
ONLINE [288,1321][336,1330]
Privacy [361,325][437,349]
Policy [446,326][508,349]
Rules [362,477][419,495]
Fair [361,400][399,422]
Payouts [407,401][492,425]
Partners [361,749][451,769]
OFFICIAL [257,1061][321,1072]
GLOBAL [327,1061][385,1072]
PARTNER [390,1061][455,1072]
GAM [251,1286][309,1312]
STOP [320,1285][374,1311]
THERAPY [280,1171][341,1190]
FOR [351,1172][374,1191]
GAMBLING [273,1192][353,1211]
ADDICTION [358,1191][446,1210]
GORDON [306,1213][376,1231]
MOODY [379,1213][448,1231]
Co [481,15][506,39]
R.ll [528,15][574,39]
100% [584,15][649,39]
+ [475,82][506,113]
((o) [345,1419][388,1449]
CHAMPCNS [395,1024][481,1040]
In-Play [338,1472][396,1489]
£3.97 [537,180][589,201]
() [599,180][623,201]
21 [578,92][593,104]
|BIA [536,1179][593,1201]
INTERNATIKONAL [507,1209][563,1215]
BETTING [565,1209][593,1215]
INTEGRITY [505,1214][544,1225]
ASSOCIATION [551,1214][594,1225]
DAS [499,1292][542,1330]
My [476,1473][501,1489]
Bets [507,1473][543,1489]
Casino [623,1472][680,1486]
