720x1600
11:42 [55,15][115,35]
O [127,15][146,35]
G [30,82][59,114]
bet365 [19,176][169,208]
o [107,85][134,109]
bet365.com/#/AC/B1 [153,85][427,109]
+ [476,83][505,112]
Popular [35,412][112,435]
Elfic [108,324][167,353]
Fribourg [175,324][285,353]
(W) [295,324][340,353]
vs [349,324][379,353]
GC [388,324][426,353]
Zurich [436,324][519,353]
(W) [530,324][574,353]
Game [39,523][108,546]
Lines [119,522][183,545]
Switzerland [131,268][245,288]
SB [253,268][278,288]
League [287,268][358,288]
Women [365,268][439,288]
27 [461,268][484,288]
Sep [491,268][527,288]
12:00 [536,268][589,288]
Elfic [39,668][83,691]
Fribourg [91,668][177,692]
(W) [186,669][221,693]
GC [39,755][69,778]
Zurich [77,755][143,778]
(W) [152,755][187,778]
1st [40,855][75,878]
Half [85,854][135,877]
Bet [156,415][188,431]
Builder [195,415][262,431]
Game [305,415][362,431]
Team [403,415][458,431]
Quarter [501,415][574,433]
Elfic [39,997][83,1023]
Fribourg [90,998][177,1025]
(W) [186,1000][222,1025]
Home [44,1473][92,1486]
GC [38,1085][67,1106]
Zurich [76,1085][142,1106]
(W) [151,1085][185,1107]
1st [40,1189][77,1211]
Quarter [86,1189][181,1211]
Elfic [40,1334][84,1358]
Fribourg [92,1334][178,1358]
(W) [187,1334][223,1358]
All [175,1472][196,1490]
Sports [202,1472][256,1490]
Spread [286,598][355,623]
-16.5 [298,655][347,671]
1.83 [301,688][344,705]
+16.5 [295,740][350,756]
1.83 [301,773][344,790]
Spread [287,933][356,955]
-8.5 [305,987][340,1003]
1.83 [301,1020][345,1037]
+8.5 [301,1072][343,1088]
1.83 [301,1105][344,1122]
Spread [287,1265][356,1287]
Ca [481,15][504,38]
l [559,15][565,38]
100% [587,15][648,38]
-4.5 [306,1319][340,1335]
1.83 [300,1350][343,1369]
(o) [345,1419][388,1449]
In-Play [338,1472][396,1490]
Total [449,601][497,618]
O [451,651][457,674]
147.5 [458,651][512,674]
1.80 [452,688][496,705]
U [450,738][456,759]
147.5 [458,738][511,759]
1.86 [452,773][496,790]
Total [449,933][498,950]
0 [443,987][456,1003]
73.5 [463,987][506,1003]
1.83 [452,1020][496,1037]
U [458,1069][464,1091]
73.5 [463,1069][505,1091]
1.83 [452,1105][496,1122]
Total [449,1265][498,1282]
£4.07 [537,181][589,202]
(+) [599,181][623,202]
O [443,1319][456,1335]
37.5 [464,1319][505,1335]
1.86 [451,1350][496,1369]
17 [577,92][594,104]
My [476,1473][501,1489]
Bets [507,1473][543,1489]
Half [617,414][656,431]
Money [569,601][636,623]
Li.. [643,601][675,623]
1.045 [597,672][655,689]
8.75 [603,757][648,774]
Money [569,933][636,955]
Li.. [643,933][675,955]
1.20 [604,1004][648,1021]
V [660,530][683,542]
4.20 [602,1089][648,1106]
Money [569,1265][636,1286]
Li... [643,1265][674,1286]
1.28 [603,1334][647,1353]
Casino [623,1472][680,1486]
