720x1600
2154 [56,17][120,36]
”$7..” [514,15][567,37]
100%I [579,16][665,36]
ED [31,81][60,114]
2; [106,86][135,109]
bet365.com/#/HO/ [153,85][405,109]
+ [476,83][505,112]
bet365 [19,176][169,209]
 [512,162][698,222]
Q [53,274][85,307]
Search [113,279][194,298]
Football [39,902][124,920]
Casino [174,903][247,920]
WNBA [296,903][365,920]
Casino [414,903][487,920]
MLB [540,903][586,920]
Racing [640,903][711,925]
 [601,992][680,993]
 [601,1038][680,1039]
G [19,997][56,1034]
Featured [77,1001][207,1026]
Matches [219,1001][347,1026]
‘ [580,1013][581,1018]
View [600,1005][648,1022]
All [655,1005][680,1022]
‘ [700,1013][701,1018]
Tue [38,1101][72,1116]
22 [78,1101][101,1116]
Sep [107,1101][141,1120]
1 [412,1101][419,1116]
X [524,1101][537,1116]
2 [639,1101][650,1116]
Chile [38,1152][83,1167]
Cup [89,1152][124,1171]
Puerto [76,1204][148,1221]
Montt [156,1204][220,1221]
i [38,1254][66,1284]
Nublense [76,1260][178,1278]
'll [316,1239][338,1262]
2‘80 [395,1242][440,1259]
3'10 [509,1242][554,1259]
230 [622,1242][667,1259]
22200 [39,1312][88,1327]
Paraguay [39,1379][123,1398]
Cup [129,1379][164,1398]
133 [65,1418][108,1457]
Q [250,1416][292,1458]
«0» [437,1419][480,1449]
E13 [607,1416][660,1460]
Home [62,1473][111,1486]
A" [230,1472][251,1486]
SW“ [258,1473][312,1490]
III-Play [430,1472][488,1490]
Casino [605,1472][662,1486]
III [150,1542][175,1569]
C) [349,1541][378,1570]
< [557,1541][574,1570]
