720x1600
2154 [56,17][120,36]
”$7..” [514,15][567,37]
100%I [579,16][665,36]
ED [31,81][60,114]
2; [106,86][135,109]
bet365.com/#/HO/ [153,85][405,109]
+ [476,83][505,112]
 [512,162][698,222]
bet365 [19,176][169,209]
Q [53,274][85,307]
Search [113,279][194,298]
_ [310,399][335,401]
A"A [628,377][666,398]
‘3 [66,377][103,414]
4% [206,380][244,412]
mm [310,391][421,422]
[3 [482,383][532,410]
Football [51,434][118,448]
Horses [196,435][255,448]
' [331,433][334,434]
MLB [488,435][525,448]
Basketball [604,434][690,448]
Football [39,904][124,922]
Casino [174,905][247,922]
WNBA [296,905][365,922]
Casino [414,905][487,922]
MLB [540,905][586,922]
Racing [640,905][711,927]
 [601,994][680,995]
 [601,1040][680,1041]
G [19,998][56,1036]
Featured [77,1003][207,1028]
Matches [219,1003][347,1028]
‘ [580,1015][581,1020]
View [600,1007][648,1024]
All [655,1007][680,1024]
‘ [700,1015][701,1020]
Tue [38,1103][72,1118]
22 [78,1103][101,1118]
Sep [107,1103][141,1122]
1 [412,1103][419,1118]
X [524,1103][537,1118]
2 [639,1103][650,1118]
Chile [38,1154][83,1169]
Cup [89,1154][124,1173]
1 [38,1200][66,1230]
Puerto [76,1206][148,1223]
Montt [156,1206][220,1223]
i [38,1256][66,1286]
Nublense [76,1262][178,1280]
'll [316,1241][338,1264]
2‘80 [395,1244][440,1261]
3'10 [509,1244][554,1261]
230 [622,1244][667,1261]
22200 [39,1313][88,1328]
Paraquav [39,1381][123,1398]
Cup [129,1381][164,1398]
133 [46,1418][89,1457]
Q [195,1416][237,1458]
«0» [345,1419][388,1449]
9 [490,1418][529,1457]
E13 [625,1416][678,1460]
Hume [44,1473][92,1486]
A" [175,1472][196,1486]
SW“ [202,1473][257,1490]
'"'P'5Y [338,1472][396,1490]
My [476,1473][501,1490]
Bets [507,1473][543,1486]
casino [623,1472][680,1486]
III [150,1542][175,1569]
C) [349,1541][378,1570]
< [557,1541][574,1570]
