720x1600
2154 [56,17][120,36]
ED [31,81][60,114]
2; [106,86][135,109]
bet365.com/#/HO/ [153,85][405,109]
":7, [514,15][543,37]
.III [550,17][567,35]
100%. [579,16][665,36]
+ [476,83][505,112]
 [512,162][698,222]
 [602,591][679,592]
 [602,637][679,638]
bet365 [19,176][169,209]
Q [53,274][85,307]
Search [113,279][194,298]
‘ [215,380][241,405]
_ [310,399][334,401]
A"A [628,377][666,398]
‘3 [66,377][103,414]
~-« [206,392][244,412]
new": [310,391][421,422]
[3 [482,383][532,410]
Football [51,434][118,448]
Horses [196,435][255,448]
' [331,433][334,434]
MLB [488,435][525,448]
Basketball [604,434][690,448]
Football [39,501][124,519]
Casino [174,502][247,519]
WNBA [296,502][365,519]
Casino [414,502][487,519]
MLB [540,502][586,519]
Racing [640,502][711,524]
G [19,595][56,633]
Featured [77,599][207,624]
Matches [219,599][347,624]
‘ [580,613][581,616]
ViewAll [600,604][680,621]
‘ [700,613][701,616]
Tue [38,700][72,715]
22 [78,700][101,715]
Sep [107,700][141,719]
1 [412,700][419,715]
X [524,700][537,715]
2 [639,700][650,715]
Chile [39,751][83,766]
Cup [89,751][124,770]
' [38,797][66,827]
Puerto [76,803][148,820]
Montt [156,803][220,820]
f [38,853][66,883]
Nublense [76,858][178,876]
I“ [316,838][338,861]
22:00 [39,910][88,925]
Paraguay [39,978][123,997]
Cup [129,978][164,997]
1 [38,1025][66,1054]
2 [76,1030][88,1047]
de [96,1029][121,1047]
Mayo [129,1030][187,1052]
' [39,1081][66,1110]
Sol [76,1085][109,1103]
de [117,1085][143,1103]
America [149,1085][240,1103]
I“ [316,1065][338,1088]
280 [395,840][440,857]
3.10 [509,840][554,857]
230 [622,840][667,857]
1 [396,1067][403,1084]
‘72 [409,1067][440,1084]
3.40 [509,1067][554,1084]
420 [622,1067][667,1084]
22:30 [39,1137][88,1152]
[5 [108,1135][130,1158]
Wed [38,1208][77,1223]
23 [84,1208][106,1223]
Sep [112,1208][147,1227]
1 [412,1208][419,1223]
X [524,1208][537,1223]
2 [639,1208][650,1223]
Colombia [39,1259][124,1274]
Primera [132,1259][201,1274]
A [208,1259][220,1274]
1‘ [38,1306][66,1335]
lndependiente [77,1310][231,1333]
Me“. [239,1311][289,1328]
® [599,1277][691,1368]
.II [316,1346][338,1369]
133 [396,1349][440,1366]
5.00 [509,1349][554,1366]
' [38,1361][66,1391]
Jaguares [75,1368][176,1390]
de [183,1367][209,1385]
Cordo.“ [216,1367][298,1385]
Q [46,1418][89,1457]
Q [195,1416][237,1458]
(<o>) [345,1419][388,1449]
(9 [490,1418][529,1457]
E73 [625,1416][678,1453]
Home [44,1473][92,1486]
All [175,1472][196,1486]
Sparts [202,1473][257,1490]
ln-Play [338,1472][396,1490]
My [476,1473][501,1490]
Bets [507,1473][543,1486]
casino [623,1472][680,1486]
