720x1600
21:55 [56,16][119,36]
a. [30,81][61,115]
‘23 [106,86][135,109]
bet365.com/#/AX/K9 [153,84][427,109]
Q [38,175][70,208]
Arsenal [86,181][171,200]
Football [20,309][106,327]
TEAMS [19,407][87,422]
‘l [20,495][46,522]
Arsenal [66,500][161,521]
> [176,501][189,523]
”a? [514,15][543,37]
.l” [550,17][567,35]
100%. [579,16][665,36]
Arsenal [19,582][102,600]
v [109,587][121,600]
Leeds [129,582][192,600]
1 [413,573][418,588]
X [525,573][536,588]
Sal [20,618][48,633]
l0 [56,618][76,633]
Ocl [84,618][113,633]
12:30 [121,618][169,633]
1‘33 [400,616][444,633]
500 [513,616][558,633]
Arsenal [19,694][102,712]
v [109,699][121,712]
Lille [129,694][172,712]
1 [413,686][418,701]
X [525,686][536,701]
Tue13 [19,731][79,746]
Oct [87,731][117,746]
20:00 [124,731][173,746]
1‘25 [400,729][444,746]
525 [513,729][558,746]
Nottm [20,808][86,825]
Forest [95,808][162,825]
V [169,812][181,825]
Arsenal [187,807][270,825]
1 [413,798][418,813]
X [525,798][536,813]
Sun [20,843][52,858]
18 [61,843][81,858]
Oct [88,843][118,858]
l6 [126,843][146,858]
30 [153,843][174,858]
5‘25 [400,841][444,858]
420 [512,841][558,858]
Fleetwood [20,919][131,937]
Town [138,920][195,937]
v [202,924][214,937]
Arsenal [221,919][303,937]
1 [413,911][418,926]
X [525,911][536,926]
Wed [20,956][58,971]
28 [66,956][86,971]
Oc119:45 [94,956][180,971]
21 [392,954][414,971]
‘00 [420,954][451,971]
12.00 [507,954][565,971]
1 [20,1029][46,1057]
Arsenal [66,1035][161,1056]
(W) [171,1034][213,1062]
> [228,1035][241,1058]
Chelsea [20,1116][106,1134]
(W) [114,1115][150,1140]
V [158,1121][170,1134]
Arsenal [176,1116][259,1134]
(W) [268,1115][304,1139]
1 [413,1108][418,1123]
X [525,1108][536,1123]
Sun [20,1153][52,1168]
27 [60,1153][81,1168]
Sep [88,1153][121,1172]
l6:30 [129,1153][177,1168]
2‘25 [399,1151][444,1168]
340 [513,1151][558,1168]
1 [20,1226][46,1254]
Arsenal [66,1231][161,1252]
(Professor) [171,1230][312,1258]
> [326,1232][339,1254]
Man [20,1299][66,1316]
City [74,1298][116,1321]
(Vito) [123,1297][182,1321]
v [189,1303][201,1316]
Arsenal [208,1298][290,1316]
1 [413,1305][418,1320]
X [525,1305][536,1320]
(Professor) [20,1327][142,1351]
4 [398,1348][411,1365]
00 [419,1348][444,1365]
1 [513,1348][520,1365]
53 [534,1348][557,1365]
09 [20,1365][40,1380]
08 [48,1365][69,1380]
1-1 [81,1365][108,1380]
‘ [413,1362][416,1365]
‘ [527,1362][530,1365]
ﬁr [46,1418][89,1457]
Q [195,1416][237,1458]
<<°>> [345,1419][388,1449]
@ [489,1417][530,1458]
Home [43,1473][92,1486]
All [174,1472][196,1486]
Sports [202,1473][257,1490]
ln-Play [338,1472][396,1490]
My [476,1473][501,1490]
Bets [507,1473][543,1486]
0 [349,1541][378,1570]
+ [475,82][506,113]
Close [632,183][682,198]
8.00 [626,616][671,633]
1200 [620,729][678,746]
1.55 [627,841][672,858]
10071 [620,954][675,971]
2.80 [626,1151][671,1168]
