720x1600
14:01 [56,14][115,36]
G [30,82][59,114]
bet365 [19,176][169,209]
Popular [35,412][112,435]
o [107,85][134,109]
bet365.com/#/AC/B1 [153,85][427,109]
Game [39,523][108,546]
Lines [119,522][183,545]
Denain [38,669][110,690]
Blois [39,756][90,774]
1st [40,1070][77,1091]
Half [86,1070][137,1091]
Denain [39,1216][110,1234]
Blois [39,1301][90,1319]
Home [44,1473][92,1486]
Bet [156,415][188,431]
Builder [195,415][263,431]
Game [305,415][362,431]
Team [403,415][458,431]
France [214,268][279,288]
Ligue [287,268][339,288]
B [347,268][358,288]
• [366,268][371,288]
25 [379,268][402,288]
Sep [410,268][446,288]
19:00 [454,268][507,288]
Denain [259,325][349,347]
vs [358,325][387,347]
Blois [398,325][462,347]
Spread [286,598][355,623]
Alternative [38,856][175,883]
Point [185,856][249,883]
Spread [257,856][344,883]
All [185,1470][204,1490]
Sports [202,1470][256,1490]
-2.5 [305,655][340,671]
Alternative [38,963][175,984]
Game [184,963][256,984]
Total [263,963][324,984]
1.83 [301,688][344,705]
+2.5 [301,740][343,756]
1.83 [301,773][344,790]
Spread [287,1147][356,1169]
-0.5 [305,1201][340,1217]
1.74 [301,1234][346,1251]
+0.5 [301,1286][343,1302]
1.95 [301,1319][345,1336]
(o) [345,1419][388,1449]
Ca [481,14][506,38]
al [523,14][571,38]
100% [584,14][649,38]
In-Play [338,1472][396,1490]
+ [476,83][505,112]
Total [449,601][497,618]
O [451,652][457,674]
166.5 [458,652][512,674]
1.83 [452,688][496,705]
U [451,737][457,759]
166.5 [458,737][512,759]
1.83 [452,773][496,790]
Total [449,1147][498,1164]
Quarter [501,413][572,432]
O [443,1201][456,1217]
82.5 [464,1201][505,1217]
1.83 [452,1234][496,1251]
U [458,1284][464,1304]
82.5 [464,1284][505,1304]
1.83 [452,1319][496,1336]
£3.69 [537,183][588,198]
6 [581,90][591,105]
My [476,1473][501,1489]
Bets [507,1473][543,1489]
Half [617,414][657,431]
Money [569,596][636,626]
Li. [650,596][665,626]
1.64 [604,672][649,689]
2.12 [603,757][648,774]
V [660,530][683,542]
1.68 [604,1218][648,1235]
Money [569,1144][636,1170]
Li. [650,1144][668,1170]
2.05 [603,1303][648,1320]
V [660,968][683,981]
Casino [623,1472][680,1486]
