720x1600
14:30 [55,12][120,36]
D [140,14][147,37]
bet365 [19,176][169,208]
o [107,85][134,109]
bet365.com/#/MB/U [153,85][425,109]
+ [475,82][506,113]
Open [36,272][86,293]
Live [130,272][167,288]
Home [44,1473][92,1486]
Settled [210,272][278,288]
All [185,1470][204,1490]
Sports [202,1470][256,1490]
(o) [345,1419][388,1449]
Ca [481,15][504,38]
l [559,15][565,38]
100% [587,15][648,38]
In-Play [338,1472][396,1489]
My [476,1473][501,1490]
Bets [507,1473][542,1490]
18 [577,92][594,104]
£--- [546,176][584,203]
Casino [623,1472][680,1486]
