720x1600
14:30 [55,12][120,36]
D [140,14][147,37]
o [107,85][134,109]
bet365.com/#/MB/U [153,85][425,109]
bet365 [19,176][169,208]
Open [36,272][86,293]
Live [130,272][167,288]
Settled [210,272][278,288]
£1.00 [50,366][121,392]
Single [139,367][216,393]
3 [100,454][119,479]
Reuse [134,453][194,478]
Selections [202,451][306,478]
O [70,525][76,548]
Arsenal [92,525][180,548]
1.33 [203,525][250,548]
Full [93,567][122,582]
Time [129,567][174,582]
Result [181,567][237,582]
( [51,612][59,629]
Arsenal [89,613][157,632]
Home [44,1473][92,1486]
Leeds [91,663][144,678]
Stake [50,761][104,777]
£1.00 [51,791][129,816]
All [185,1470][204,1490]
Sports [202,1470][256,1490]
(o) [345,1419][388,1449]
In-Play [338,1472][396,1489]
C [481,15][504,38]
all [524,15][571,38]
100% [586,15][648,38]
+ [475,82][506,113]
Share [507,454][563,475]
My [476,1473][501,1490]
Bets [507,1473][542,1490]
18 [577,92][594,104]
£--- [545,175][583,203]
Sat [575,616][604,631]
10 [611,616][632,631]
Oct [639,616][670,631]
12:30 [619,663][669,678]
To [573,759][598,776]
Return [605,760][667,778]
£1.33 [575,791][652,817]
Casino [623,1472][680,1486]
