720x1600
14:30 [55,12][120,36]
D [140,14][147,37]
bet365 [14,174][171,212]
Horse [20,277][82,300]
Racing [91,278][161,301]
Football [21,354][105,372]
o [107,85][134,109]
bet365.com/#/MB/U [153,85][425,109]
Form [20,455][79,474]
& [87,455][103,474]
Stats [111,455][171,474]
Football [20,548][103,568]
Stats [113,549][167,568]
Horse [21,625][83,648]
Racing [92,625][162,648]
Archive [170,625][250,648]
Scores [20,727][99,746]
& [108,727][124,746]
Results [132,727][218,746]
Live [20,820][61,839]
Scores [68,821][141,841]
Help [20,942][72,966]
Deposits [21,1039][113,1061]
Contact [20,1114][103,1131]
Us [112,1114][137,1131]
Terms [19,1188][86,1206]
and [95,1188][132,1206]
Conditions [141,1188][255,1206]
Technical [19,1263][123,1281]
Issues [131,1263][198,1281]
Cookie [19,1336][92,1358]
Policy [101,1337][163,1358]
Home [44,1473][92,1486]
All [175,1472][196,1490]
Sports [202,1472][256,1490]
Cricket [361,352][434,372]
Greyhounds [361,279][488,302]
Ca [481,15][505,39]
ll [557,15][572,39]
100%0 [579,15][665,39]
Sports [361,551][430,573]
Stats [439,551][492,573]
Results [362,822][439,840]
+ [476,83][505,112]
Australian [361,625][468,643]
Horse [477,625][540,643]
Form [549,625][601,643]
Withdrawals [361,1038][493,1056]
bet365 [362,1113][435,1133]
FAQ [444,1113][484,1133]
Safer [361,1185][416,1208]
Gambling [424,1187][524,1210]
Privacy [361,1261][437,1283]
Policy [446,1262][508,1284]
(o) [345,1419][388,1449]
Fair [361,1338][399,1359]
Payouts [408,1338][492,1361]
In-Play [338,1472][396,1489]
18 [577,92][594,104]
£4.07 [537,181][589,202]
(+) [599,181][623,202]
My [476,1473][501,1490]
Bets [507,1473][542,1490]
Casino [623,1472][680,1486]
