720x1600
14:30 [55,12][120,36]
D [140,14][147,37]
bet365 [19,176][169,208]
Terms [19,240][86,258]
and [95,240][132,258]
Conditions [141,240][255,258]
o [107,85][134,109]
bet365.com/#/MB/U [153,85][425,109]
Technical [19,315][121,333]
Issues [131,315][198,333]
Cookie [19,388][92,411]
Policy [101,389][163,411]
Complaints [20,465][141,488]
Procedure [151,465][259,488]
Deposit [20,538][99,563]
Limits [108,537][171,561]
Sites [20,641][77,660]
Careers [19,737][100,755]
Sports [20,813][89,835]
& [98,813][111,835]
Betting [120,813][193,835]
News [203,813][261,835]
GambleAware [18,1172][217,1204]
GAMBLING [19,1273][155,1293]
COMMISSION [19,1298][185,1318]
Home [44,1473][92,1486]
bet365 [239,979][358,1003]
All [185,1470][204,1490]
Sports [202,1470][256,1490]
Safer [360,237][416,259]
Gambling [424,238][524,261]
ONLINE [288,1306][336,1318]
Privacy [362,315][438,338]
Policy [447,315][510,338]
Rules [362,465][419,483]
Fair [361,387][399,410]
Payouts [408,389][492,413]
Partners [361,737][451,757]
OFFICIAL [257,1049][321,1059]
GLOBAL [327,1049][385,1059]
PARTNER [390,1049][455,1059]
GAM [243,1275][310,1299]
STOP [320,1274][374,1298]
THERAPY [280,1161][345,1179]
FOR [351,1161][379,1179]
GAMBLING [287,1180][359,1199]
ADDICTION [363,1180][444,1199]
@ [274,1202][289,1217]
GORDON [293,1202][374,1217]
MOODY [379,1202][448,1217]
Ca [481,15][505,39]
ll [557,15][572,39]
100%0 [579,15][665,39]
+ [476,83][505,112]
(o) [345,1419][388,1449]
CHAMPIONS [394,1006][481,1019]
LEAGUE [410,1023][465,1032]
In-Play [338,1472][396,1489]
£4.07 [536,179][588,199]
(+) [598,180][620,200]
18 [577,92][594,104]
BIA [536,1167][593,1189]
INTERNATIKONAL [507,1197][563,1203]
BETTING [565,1197][594,1203]
INTEGRITY [507,1199][541,1210]
ASSOCLATIDM [543,1199][592,1209]
VTBAS [443,1282][547,1319]
My [476,1473][501,1490]
Bets [507,1473][542,1490]
Casino [623,1472][680,1486]
