720x1600
1 [56,17][64,36]
®® [164,14][218,39]
- [234,22][242,30]
”emu [514,15][567,37]
100%- [579,16][665,36]
ED [31,81][60,114]
A192.168.4.108:8767/ni [105,84][427,110]
+ [476,83][505,112]
 [0,0][720,156]
FIXTURES [41,197][250,230]
Code [63,292][142,318]
7201 [154,293][225,318]
League [64,344][176,376]
Academy [187,343][334,376]
Time [62,395][140,420]
17:45 [153,395][237,420]
Home [64,447][156,472]
Harbor [169,446][274,472]
Town [284,447][367,472]
Away [62,498][146,530]
River [158,498][233,523]
City [245,498][302,530]
Code [63,603][142,629]
7202 [154,604][231,629]
League [64,655][176,687]
Junior [187,655][285,680]
Time [62,707][140,732]
17:45 [153,707][237,732]
Home [64,758][156,783]
Harbor [169,757][274,783]
Youth [285,757][373,783]
Away [62,809][146,841]
River [158,809][233,834]
City [245,809][302,841]
Code [63,914][142,940]
7203 [154,915][230,940]
League [64,967][176,999]
Academy [187,966][334,999]
Time [62,1018][140,1043]
17:45 [153,1018][237,1043]
Home [64,1069][156,1094]
Cedar [168,1068][259,1094]
Town [268,1069][351,1094]
Away [62,1121][146,1153]
Maple [158,1120][252,1153]
City [264,1121][322,1153]
