x [479,588][489,598] 60
Draw [499,588][537,599] 95
3.50 [874,588][902,599] 95
Full [499,608][519,618] 96
Time [524,608][554,618] 95
Result [559,608][595,618] 96
v [538,625][542,639] 92
Turkiye [498,626][536,638] 41
Italy [550,626][571,638] 85
eas” [485,671][543,695] 48
Platinum [555,674][600,682] 89
£82,354.04 [606,674][662,683] 89
£0.50 [829,682][854,689] 95
Last [555,691][572,698] 96
00:02:36 [600,691][637,698] 96
won: [575,693][596,698] 96
~ [483,697][487,698] 56
® [480,700][490,707] 51
Place [769,741][808,757] 96
Bet [816,741][841,757] 95
Stake [510,742][554,755] 95
Set [479,743][504,755] 96