Draw [499,588][537,599] 96
3.50 [874,588][902,599] 95
Full [499,608][519,618] 96
Time [524,608][554,618] 95
Result [559,608][595,618] 96
v [537,625][542,639] 93
Turkiye [498,626][536,638] 42
Italy [550,626][571,638] 85
sy [485,674][492,685] 45
Silver [554,674][583,682] 96
£108.49 [588,674][628,682] 96
£0.50 [829,682][854,689] 96
Last [555,691][572,698] 96
18:29:58 [600,691][635,698] 96
won: [575,693][593,698] 96
@® [480,697][490,707] 38
Remember [630,732][682,740] 95
Stake [477,733][503,741] 96
Place [769,735][809,747] 96
Bet [815,736][841,747] 96
® [644,748][658,762] 37
£0.10 [478,750][526,763] 96
To [763,756][775,764] 97
Return [779,756][813,764] 96
£0.35 [817,756][844,764] 96