UEFA [722,118][748,127] 94
Nations [752,118][792,127] 96
League [796,118][834,130] 94
A [837,118][845,127] 94
+ [849,123][852,126] 63
28 [856,118][868,127] 95
Sep [872,118][891,130] 95
19:45 [896,118][923,127] 96
Turkiye [759,150][814,166] 27
v [819,154][827,162] 93
Italy [833,150][865,166] 93
v [873,153][884,159] 90
Bet [378,216][395,225] 96
Builder [399,216][435,225] 96
Quick [462,216][492,226] 96
Players [496,216][532,228] 96
Scorers [559,216][597,225] 96
Shots [622,216][650,225] 96
Cards/Fouls [676,216][738,226] 91
Player [765,216][796,228] 96
Stats [800,216][825,225] 96
Result [852,216][883,225] 96
Corners [908,216][948,225] 96
Goals [973,216][1002,225] 96
Half [1027,216][1048,225] 95
Other [1072,216][1102,225] 96
Full [311,296][335,307] 95
Time [340,296][375,307] 96
Result [379,296][422,307] 96
Turkiye [310,345][351,358] 45
2.80 [358,346][381,355] 96
Full [311,399][335,410] 96
Time [340,399][375,410] 94
Result [379,399][422,410] 93
— [426,405][434,407] 86
Enhanced [439,399][505,410] 96
Prices [511,399][551,410] 96
Score [310,456][349,467] 95
or [353,459][368,467] 95
Assist [372,456][413,467] 96
Score [807,497][838,506] 96
Assist [1015,497][1047,506] 96
Player [311,497][389,509] 93
/ [348,496][353,511] 93
Last [358,497][380,509] 95
5 [385,496][390,511] 95
1g [309,524][335,553] 14
Arda [340,524][368,553] 89
Guler [373,524][406,541] 93
3.10 [811,535][834,544] 96
3.75 [1020,535][1043,544] 96
{My [310,570][335,583] 51
Gianluca [340,570][392,580] 90
Scamacca [397,570][455,580] 90
5.50 [1020,580][1043,589] 95
N/A [341,590][358,598] 96
Draw [499,588][537,599] 96
3.50 [874,588][902,599] 96
UEFA [722,118][748,127] 94
Nations [752,118][792,127] 94
League [796,118][834,130] 95
A [837,118][845,127] 95
+ [849,123][852,126] 56
28 [856,118][868,127] 95
Sep [872,118][891,130] 95
19:45 [896,118][923,127] 96
Turkiye [759,150][814,166] 51
v [819,154][827,162] 92
Italy [833,150][865,166] 93
v [873,153][884,159] 90
Bet [378,216][395,225] 96
Builder [399,216][435,225] 96
Quick [462,216][492,226] 96
Players [496,216][532,228] 96
Scorers [559,216][597,225] 96
Shots [622,216][650,225] 96
Cards/Fouls [676,216][738,226] 91
Player [765,216][796,228] 95
Stats [800,216][825,225] 96
Result [852,216][883,225] 96
Corners [908,216][948,225] 96
Goals [973,216][1002,225] 96
Half [1027,216][1048,225] 95
Other [1072,216][1102,225] 96
Full [311,296][335,307] 95
Time [340,296][375,307] 96
Result [379,296][422,307] 96
Turkiye [310,345][351,358] 34
2.80 [358,346][381,355] 96
Full [311,399][335,410] 96
Time [340,399][375,410] 94
Result [379,399][422,410] 93
— [426,405][434,407] 87
Enhanced [439,399][505,410] 96
Prices [511,399][551,410] 95
Score [310,456][349,467] 95
or [353,459][368,467] 95
Assist [372,456][413,467] 96
Score [807,497][838,506] 96
Assist [1015,497][1047,506] 96
Player [311,497][389,509] 93
/ [348,496][353,511] 93
Last [358,497][380,509] 95
5 [385,496][390,511] 95
B [310,525][335,552] 40
Arda [340,524][368,553] 87
Guler [373,524][406,541] 92
3.10 [811,535][834,544] 95
3.75 [1020,535][1043,544] 96
My [310,570][335,583] 50
Gianluca [340,570][392,580] 93
Scamacca [397,570][455,580] 90
5.50 [1020,580][1043,589] 95
N/A [341,590][358,598] 96
Draw [499,588][537,599] 96
3.50 [874,588][902,599] 96