Draw [499,588][537,599] 96
3.50 [874,588][902,599] 96
Full [499,608][519,618] 96
Time [524,608][554,618] 95
Result [559,608][595,618] 96
Turkiye [498,626][536,638] 80
v [540,629][541,631] 93
Italy [550,626][570,638] 81
(4 [498,671][518,681] 65
OF [520,674][540,684] 9
£0.50 [829,682][854,689] 96
“ED [486,679][530,695] 82
a [554,674][640,695] 22
L [555,697][558,698] 84
2 [612,697][616,698] 40
Pe [631,697][635,698] 4
co [800,740][816,749] 29
Draw [499,588][537,599] 96
3.50 [874,588][902,599] 96
Full [499,608][519,618] 96
Time [524,608][554,618] 96
Result [559,608][595,618] 96
Turkiye [498,626][536,638] 80
v [540,629][545,635] 92
Italy [550,626][570,638] 84
CK! [498,671][518,681] 45
OF [520,674][540,684] 0
£0.50 [829,682][854,689] 96
m365) [486,679][530,695] 53
a [554,674][640,695] 41
L [555,697][558,698] 83
Pe [612,697][616,698] 2
2 [631,697][635,698] 68
—~ [800,740][816,749] 36