Bet [518,560][546,572] 95
Placed [551,559][605,572] 95
Bet [518,579][531,586] 95
Ref [535,579][548,586] 93
BT70715 [552,579][588,586] 78
2OUS [589,582][608,586] 26
26N2 [589,579][608,583] 31
LX [477,613][489,626] 17
Live [498,616][517,625] 95
Alerts [521,616][551,625] 96
Reuse [821,616][850,625] 96
Selections [855,616][907,625] 96
Draw [479,655][517,666] 96
3.50 [874,655][902,666] 95
Full [479,675][499,685] 96
Time [504,675][534,685] 95
Result [539,675][575,685] 96
Turkiye [478,693][516,705] 41
v [518,692][522,706] 92
Italy [530,693][551,705] 85
Stake [478,732][503,740] 96
To [692,732][703,740] 95
Return [707,732][737,740] 95
£0.10 [478,749][525,762] 96
£0.35 [693,749][739,762] 96
Bet [518,560][546,572] 96
Placed [551,559][605,572] 96
Bet [518,579][531,586] 96
Ref [535,579][548,586] 93
BT70715 [552,579][588,586] 77
2OUS [589,582][608,586] 0
26Nn2 [589,579][608,583] 27
£ [477,613][489,626] 50
Live [498,616][517,625] 96
Alerts [521,616][551,625] 96
Reuse [821,616][850,625] 96
Selections [855,616][907,625] 95
Draw [479,655][517,666] 96
3.50 [874,655][902,666] 95
Full [479,675][499,685] 96
Time [504,675][534,685] 96
Result [539,675][575,685] 96
Turkiye [478,693][516,705] 39
v [518,692][522,706] 92
Italy [530,693][551,705] 84
Stake [478,732][503,740] 96
To [692,732][703,740] 96
Return [707,732][737,740] 95
£0.10 [478,749][525,762] 96
£0.35 [693,749][739,762] 96