720x1600
02:49 [56,15][124,36]
G [30,82][59,114]
bet365 [19,176][169,209]
o [107,85][134,109]
bet365.com/#/AC/B1 [153,85][427,109]
(W) [21,361][65,390]
Popular [35,449][110,472]
Bet [156,452][187,468]
Builder [195,452][260,468]
Game [305,452][362,468]
Team [403,452][458,468]
Game [39,562][110,583]
Lines [120,562][185,583]
Explosivas [21,324][161,351]
de [171,324][202,351]
Moca [212,324][284,351]
(W) [295,324][339,351]
vs [349,324][378,351]
Leonas [388,324][483,351]
de [492,324][524,351]
Ponce [534,324][616,351]
Explosivas [39,708][152,733]
de [160,708][185,733]
Mo. [204,708][229,733]
Puerto [96,268][160,288]
Rico [169,268][210,288]
Superior [217,268][300,288]
Nacional [308,268][393,288]
Women [400,268][475,288]
26 [496,268][519,288]
Sep [527,268][563,288]
01:00 [571,268][624,288]
Leonas [40,793][116,811]
de [124,793][148,811]
Ponce... [158,793][238,811]
1st [40,894][77,915]
Half [86,894][137,915]
Explosivas [40,1041][152,1063]
de [160,1041][185,1063]
Mo.. [194,1041][243,1063]
Leonas [40,1125][116,1143]
de [124,1125][149,1143]
Ponce... [158,1125][238,1143]
1st [40,1227][77,1250]
Quarter [86,1227][180,1250]
Home [44,1473][92,1486]
Explosivas [39,1370][152,1396]
de [160,1370][185,1396]
Mo.. [207,1370][252,1396]
All [185,1470][204,1490]
Sports [202,1470][256,1490]
Spread [287,639][356,661]
-5.5 [305,693][340,709]
1.80 [301,727][345,743]
+5.5 [300,774][342,797]
1.86 [301,810][345,827]
Spread [287,971][356,993]
-2.5 [304,1025][340,1041]
1.74 [301,1057][346,1074]
+2.5 [301,1109][343,1125]
1.95 [301,1142][345,1159]
Spread [286,1300][356,1324]
-1.5 [304,1356][340,1372]
1 [302,1388][306,1398]
Q0 [319,1387][343,1397]
Ca [481,14][506,38]
al [522,14][570,38]
100% [582,14][647,38]
(o) [345,1419][388,1449]
+ [476,83][505,112]
In-Play [338,1472][396,1489]
Total [449,639][497,656]
O [437,693][449,709]
145.5 [458,693][512,709]
1.83 [452,726][496,743]
U [451,777][456,795]
145.5 [458,777][511,795]
1.83 [452,810][496,827]
Total [449,971][497,988]
O [443,1025][456,1041]
73.5 [463,1025][505,1041]
1.80 [452,1057][496,1074]
Quarter [501,452][574,470]
U [458,1106][464,1127]
73.5 [463,1106][505,1127]
1.86 [452,1142][496,1159]
Total [449,1302][498,1319]
£3.69 [537,180][589,200]
) [599,180][622,200]
O [443,1356][456,1372]
36.5 [464,1356][506,1372]
1 [451,1389][458,1397]
Q2 [470,1389][495,1397]
53 [578,92][594,104]
My [476,1473][501,1489]
Bets [507,1473][543,1489]
BB [583,565][606,580]
Money [569,637][636,661]
Li. [651,637][667,661]
H [617,447][635,474]
A [664,447][690,474]
1.40 [604,710][648,727]
2.75 [603,795][648,812]
BB [583,897][606,912]
Money [569,969][636,995]
Li. [649,969][667,995]
1.50 [604,1042][648,1059]
2.50 [603,1126][648,1143]
BB [583,1230][606,1243]
Money [569,1301][634,1324]
Li.. [642,1300][676,1322]
1.57 [604,1373][648,1390]
Casino [623,1472][680,1486]
