720x1600
15:15 [55,17][113,36]
G [30,82][59,114]
o [107,85][134,109]
bet365.com/#/AC/B1 [153,85][427,109]
bet365 [19,176][169,209]
Villan [71,597][130,621]
Pojat [139,599][192,622]
2.05 [110,637][155,654]
Full [39,524][81,545]
Time [90,524][153,545]
Result [163,524][241,545]
Popular [35,412][112,435]
Bet [155,415][186,430]
Builder [193,414][261,430]
Result [307,415][367,431]
Goals [409,415][464,431]
Half [507,414][546,431]
Finland [197,268][267,288]
Kolmonen [276,268][374,288]
• [383,268][387,288]
27 [395,268][419,288]
Sep [426,268][462,288]
15:30 [471,268][523,288]
Double [39,717][123,741]
Chance [133,716][225,740]
2.5 [88,974][120,991]
Goals [39,825][108,848]
Over/Under [118,825][261,848]
Home [44,1473][92,1486]
Correct [39,1074][131,1094]
Score [140,1074][211,1094]
Villan [224,325][298,352]
Pojat [309,325][377,352]
v [385,325][400,352]
HauPa [409,325][495,352]
Villan [132,1166][188,1188]
Pojat [196,1166][247,1188]
0 [180,1232][198,1257]
All [185,1470][204,1490]
Sports [202,1470][256,1490]
Draw [335,599][385,617]
4.20 [338,637][382,654]
Over [294,901][337,919]
1.28 [296,974][340,991]
Ca [481,14][506,38]
al [523,14][571,38]
100% [584,14][649,38]
34.00 [331,1351][387,1369]
+ [476,83][505,112]
(o) [345,1419][388,1449]
In-Play [338,1472][396,1489]
Main [495,1075][538,1090]
0 [521,1234][540,1260]
My [476,1473][501,1489]
Bets [507,1473][543,1489]
21 [578,92][593,104]
HauPa [499,1167][563,1183]
Asian [588,415][642,431]
Lines [651,415][701,431]
HauPa [554,599][620,618]
2.50 [565,637][610,654]
Under [544,902][603,919]
3.50 [551,974][596,991]
All [583,1073][605,1092]
+ [603,1238][626,1261]
Casino [623,1472][680,1486]
