720x1600
15:15 [55,17][113,36]
G [30,82][59,114]
o [107,85][134,109]
bet365.com/#/AC/B1 [153,85][427,109]
bet365 [19,176][169,209]
Asian [38,520][107,547]
Handicap [117,521][234,549]
Goal [39,772][93,793]
Line [104,772][155,793]
Villan [131,597][187,621]
Pojat [194,599][246,623]
3.5, [66,920][102,939]
4.0 [110,920][142,939]
Finland [197,268][267,288]
Kolmonen [276,268][374,288]
• [383,268][387,288]
27 [395,268][419,288]
Sep [426,268][462,288]
15:30 [471,268][523,288]
Popular [37,415][112,436]
Bet [155,413][187,431]
Builder [194,413][260,431]
Result [307,415][367,431]
Goals [409,415][464,431]
Half [507,414][546,431]
Asia [586,410][636,437]
0.0,-0.5 [112,670][186,692]
1.950 [202,668][258,690]
Villan [205,325][279,351]
Pojat [290,325][358,351]
v [366,325][381,351]
HauPa [390,325][477,351]
v [492,325][513,351]
Home [44,1473][92,1486]
1st [40,1126][77,1147]
Half [86,1126][137,1147]
Goal [145,1126][200,1147]
Line [210,1126][261,1147]
1st [40,1019][77,1046]
Half [86,1019][137,1046]
Asian [144,1019][214,1046]
Handicap [224,1019][341,1046]
X [21,1181][42,1206]
HauPa [59,1181][140,1206]
0.0,+0.5 [150,1181][251,1206]
Set [20,1337][66,1361]
Stake [76,1337][156,1361]
Asian [58,1219][118,1242]
Handicap [127,1219][228,1242]
Villan [58,1253][111,1274]
Pojat [120,1253][169,1274]
v [176,1253][186,1274]
HauPa [194,1253][258,1274]
Over [295,850][340,866]
All [185,1470][204,1490]
Sports [202,1470][256,1490]
1.825 [289,920][348,937]
Ca [481,14][506,38]
al [523,14][571,38]
100% [584,14][649,38]
+ [476,83][505,112]
(o) [345,1419][388,1449]
In-Play [338,1472][396,1489]
£4.07 [536,179][588,199]
(+) [598,180][620,200]
21 [578,92][593,104]
HauPa [498,600][562,618]
0.0,+0.5 [446,670][528,691]
1.850 [544,670][600,689]
My [476,1473][501,1489]
Bets [507,1473][543,1489]
Under [544,849][603,866]
1.975 [545,920][603,937]
Place [477,1338][550,1360]
Bet [560,1338][604,1360]
1.850 [624,1181][693,1201]
Casino [623,1472][680,1486]
