720x1600
15:15 [55,15][114,36]
O [127,15][146,36]
bet365 [19,176][169,208]
o [107,85][134,109]
bet365.com/#/AC/B1 [153,85][429,109]
+ [476,83][505,112]
Popular [37,415][111,436]
Bet [156,415][187,431]
Builder [195,415][260,431]
Result [307,415][366,431]
Goals [409,415][464,431]
Stake [20,654][69,669]
X [21,515][42,540]
HauPa [59,515][140,540]
0.0,+0.5 [150,515][251,540]
Asian [57,548][118,571]
Handicap [126,550][227,574]
Villan [58,587][111,607]
Pojat [120,587][169,607]
v [176,587][186,607]
HauPa [194,587][258,607]
£0.10 [34,678][110,717]
365) [51,788][114,809]
YACKPO7 [32,767][142,788]
Platinum [164,767][244,788]
£77,609.06 [256,767][360,788]
+£1 [92,890][143,914]
Home [44,1473][92,1486]
Finland [197,265][267,287]
Kolmonen [276,265][374,287]
27 [397,265][422,287]
Sep [435,265][460,287]
15:30 [471,265][523,287]
1 [112,983][124,1011]
Villan [205,325][279,352]
Pojat [290,325][358,352]
v [366,325][381,352]
HauPa [390,325][477,352]
v [492,325][513,352]
4 [111,1068][122,1095]
7 [109,1151][129,1179]
Last [164,803][198,816]
won: [203,803][242,816]
00:22:50 [249,803][321,816]
Remember [56,1341][172,1359]
Stake [179,1341][238,1359]
All [185,1470][204,1490]
Sports [202,1470][256,1490]
+£5 [332,890][387,914]
2 [349,982][370,1012]
LO [353,1067][369,1096]
8 [350,1151][370,1176]
Ca [481,15][504,38]
l [559,15][565,38]
100% [587,15][648,38]
(o) [345,1419][388,1449]
3 [331,1450][398,1471]
o [327,1540][394,1569]
In-Play [338,1472][396,1490]
£4.07 [536,177][588,201]
+) [599,179][624,202]
Half [507,414][546,431]
21 [578,92][593,104]
Place [477,658][550,680]
Bet [560,658][604,680]
Asia [586,410][634,437]
To [464,696][486,711]
Return [493,696][552,711]
£0.18 [560,696][612,711]
My [476,1473][501,1489]
Bets [507,1473][543,1489]
Done [514,1342][567,1359]
£0.50 [555,786][602,799]
+£20 [562,887][635,915]
1.850 [624,515][693,535]
6 [590,1067][609,1092]
Casino [623,1472][680,1486]
