720x1600
1 [56,17][64,36]
®® [164,14][218,39]
- [234,22][242,30]
”emu [514,15][567,37]
100%- [579,16][665,36]
ED [31,81][60,114]
A192.168.4.108:8767/ni [105,84][427,110]
+ [476,83][505,112]
 [0,0][720,156]
FIXTURES [41,197][250,230]
Code [63,292][142,318]
8004 [155,293][232,318]
League [64,344][176,376]
Academy [187,343][334,376]
Time [62,395][140,420]
15:45 [153,395][237,420]
Home [64,447][156,472]
Maple [169,446][263,479]
Town [273,447][356,472]
Away [62,498][146,530]
Meadow [158,497][291,523]
City [303,498][360,530]
Code [63,603][142,629]
8005 [155,604][231,629]
League [64,655][176,687]
Junior [187,655][285,680]
Time [62,707][140,732]
15:45 [153,707][237,732]
Home [64,758][156,783]
Maple [169,757][263,790]
Youth [273,757][362,783]
Away [62,809][146,841]
Meadow [158,808][291,834]
City [303,809][360,841]
Code [63,914][142,940]
8006 [155,915][231,940]
League [64,967][176,999]
Academy [187,966][334,999]
Time [62,1018][140,1043]
15:45 [153,1018][237,1043]
Home [64,1069][156,1094]
River [169,1069][244,1094]
Town [253,1069][336,1094]
Away [62,1121][146,1153]
Elm [158,1120][213,1146]
City [227,1121][284,1153]
