x [479,588][489,598] 46
Sweden [499,588][555,599] 96
1.95 [874,588][902,599] 96
Full [499,608][519,618] 96
Time [524,608][554,618] 95
Result [559,608][595,618] 96
v [540,625][545,638] 90
Sweden [499,626][539,635] 93
Poland [553,626][587,635] 96
eas” [485,671][543,695] 48
Gold [554,674][578,682] 93
£5,151.62 [584,674][633,683] 90
£0.50 [829,682][854,689] 95
Last [555,691][572,698] 96
13:16:52 [600,691][634,698] 91
won: [575,693][596,698] 96
~ [483,697][487,698] 56
® [480,700][490,707] 51
Place [769,741][808,757] 96
Bet [816,741][841,757] 95
Stake [510,742][554,755] 95
Set [479,743][504,755] 96