Hungary [499,588][562,602] 92
-0.0 [567,588][595,599] 92
1.800 [866,588][902,599] 96
Asian [498,608][531,618] 95
Handicap [536,608][592,621] 96
Northern [499,626][546,635] 96
Ireland [551,626][585,635] 80
Hungary [600,626][644,638] 96
v [590,629][595,635] 92
eas” [485,671][543,695] 48
Gold [554,674][578,682] 93
£6,168.71 [584,674][632,683] 89
£0.50 [829,682][854,689] 95
Last [555,691][572,698] 96
13:16:52 [600,691][634,698] 91
won: [575,693][596,698] 96
~ [483,697][487,698] 56
® [480,700][490,707] 51
Place [769,741][808,757] 96
Bet [816,741][841,757] 95
Stake [510,742][554,755] 95
Set [479,743][504,755] 96