720x1600
19:44 [56,17][121,36]
®® [165,14][219,39]
. [235,22][243,30]
’51..” [514,15][567,37]
100%I [579,16][665,36]
ED [31,81][60,114]
A192.168.4.108:8767/ni [105,84][427,110]
+ [476,83][505,112]
 [0,0][720,156]
FIXTURES [41,197][250,230]
Code [63,292][142,318]
4709 [153,293][230,318]
League [64,344][176,376]
Academy [187,343][334,376]
Time [62,395][140,420]
17:45 [153,395][237,420]
Home [64,447][156,472]
Elm [169,446][224,472]
Town [235,447][318,472]
Away [62,498][146,530]
Willow [157,497][259,523]
City [271,498][329,530]
Code [63,603][142,629]
4710 [153,604][230,629]
League [64,655][176,687]
Academy [187,654][334,687]
Time [62,707][140,732]
17:45 [153,707][237,732]
Home [64,758][156,783]
Elm [169,757][224,783]
Town [235,758][318,783]
Away [62,809][146,841]
Willow [157,808][259,834]
City [271,809][329,841]
Code [63,914][142,940]
4711 [153,915][225,940]
League [64,967][176,999]
Academy [187,966][334,999]
Time [62,1018][140,1043]
17:45 [153,1018][237,1043]
Home [64,1069][156,1094]
Meadow [169,1068][301,1094]
Town [311,1069][394,1094]
Away [62,1121][146,1153]
Birch [158,1120][234,1146]
City [247,1121][305,1153]
