UEFA [711,118][737,127] 96
Nations [741,118][781,127] 96
League [785,118][823,130] 93
B [827,118][832,127] 92
- [837,123][840,126] 74
29 [844,118][856,127] 96
Sep [860,118][879,130] 96
19:45 [884,118][911,127] 96
=) [919,117][933,128] 46
Scotland [727,150][792,162] 92
v [797,154][805,162] 92
Switzerland [810,150][897,162] 93
v [905,152][916,159] 92
Bet [378,216][395,225] 96
Builder [399,216][435,225] 96
Quick [462,216][493,226] 96
Players [496,216][533,228] 96
Scorers [559,216][597,225] 96
Shots [622,216][651,225] 96
Cards/Fouls [676,216][738,226] 91
Player [765,216][797,228] 96
Stats [800,216][825,225] 96
Result [852,216][883,225] 96
Corners [908,216][948,225] 96
Goals [973,216][1002,225] 96
Half [1027,216][1048,225] 95
Other [1072,216][1102,225] 96
Full [311,296][335,307] 95
Time [340,296][375,307] 96
Result [379,296][422,307] 96
Scotland [311,345][359,355] 96
4.33 [366,346][389,355] 96
Full [311,399][335,410] 96
Time [340,399][375,410] 94
Result [379,399][422,410] 93
— [426,405][434,407] 86
Enhanced [439,399][505,410] 96
Prices [511,399][551,410] 96
Score [310,456][349,467] 95
or [353,459][368,467] 95
Assist [372,456][413,467] 96
Score [807,497][838,506] 96
Assist [1015,497][1047,506] 96
3 [315,525][335,552] 81
Breel [341,534][371,544] 90
Embolo [376,534][421,544] 91
2.75 [811,535][834,544] 95
6.00 [1020,535][1043,544] 95
| [315,581][316,591] 81
3 [319,570][335,597] 73
Dan [341,579][364,589] 93
Ndoye [369,579][408,592] 92
4.33 [811,580][834,589] 91
5.00 [1020,580][1043,589] 93
| [315,626][316,636] 81
3 [319,615][335,642] 78
Johan [340,624][376,634] 92
Manzambi [381,624][444,634] 92
5.50 [1020,625][1043,634] 95
(9s [467,625][917,655] 25
UEFA [711,118][737,127] 96
Nations [741,118][781,127] 96
League [785,118][823,130] 93
B [827,118][832,127] 92
- [837,123][840,126] 69
29 [844,118][856,127] 96
Sep [860,118][879,130] 96
19:45 [884,118][911,127] 96
=) [919,117][933,128] 63
Scotland [727,150][792,162] 93
v [797,154][805,162] 93
Switzerland [810,150][897,162] 93
v [905,152][916,159] 92
Bet [378,216][395,225] 96
Builder [399,216][435,225] 96
Quick [462,216][493,226] 96
Players [496,216][533,228] 96
Scorers [559,216][597,225] 96
Shots [622,216][651,225] 96
Cards/Fouls [676,216][738,226] 91
Player [765,216][797,228] 95
Stats [800,216][825,225] 96
Result [852,216][883,225] 96
Corners [908,216][948,225] 96
Goals [973,216][1002,225] 96
Half [1027,216][1048,225] 95
Other [1072,216][1102,225] 96
Full [311,296][335,307] 95
Time [340,296][375,307] 96
Result [379,296][422,307] 96
Scotland [311,345][359,355] 95
4.33 [366,346][389,355] 96
Full [311,399][335,410] 96
Time [340,399][375,410] 94
Result [379,399][422,410] 93
— [426,405][434,407] 87
Enhanced [439,399][505,410] 96
Prices [511,399][551,410] 95
Score [310,456][349,467] 95
or [353,459][368,467] 95
Assist [372,456][413,467] 96
Score [807,497][838,506] 96
Assist [1015,497][1047,506] 96
3 [315,525][335,552] 60
Breel [341,534][371,544] 90
Embolo [376,534][421,544] 91
2.75 [811,535][834,544] 95
6.00 [1020,535][1043,544] 96
| [315,581][316,591] 79
z [319,570][335,597] 49
Dan [341,579][364,589] 93
Ndoye [369,579][408,592] 92
4.33 [811,580][834,589] 90
5.00 [1020,580][1043,589] 94
| [315,626][316,636] 79
z [319,615][335,642] 52
Johan [340,624][376,634] 93
Manzambi [381,624][444,634] 92
5.50 [1020,625][1043,634] 95
— [466,624][492,655] 30