720x1600
07:31 [56,14][115,37]
O [130,14][150,36]
G [30,82][59,114]
bet365 [19,176][169,208]
o [107,85][134,109]
bet365.com/#/AC/B1 [153,85][427,109]
+ [476,83][505,112]
Popular [37,412][110,434]
Bet [155,414][187,431]
Builder [194,414][260,432]
Result [307,415][367,431]
Asian [38,521][107,548]
Handicap [117,522][234,549]
China [196,266][250,287]
U20 [259,266][296,287]
League [305,266][375,287]
28 [396,266][419,287]
Sep [438,266][472,287]
08:00 [478,266][524,287]
Jiangxi [60,325][156,352]
Lushan [167,325][261,352]
U20 [272,325][323,352]
v [332,325][347,352]
Qingdao [356,325][466,352]
Hainiu [476,325][560,352]
U20 [570,325][621,352]
Jiangxi [91,601][162,622]
Lushan [170,601][241,622]
U20 [249,601][287,622]
Goal [39,772][93,793]
Line [104,772][155,793]
0.0,-0.5 [111,670][186,692]
1.800 [202,670][258,690]
3.0 [88,920][120,937]
Home [44,1473][92,1486]
1st [40,1126][77,1147]
Half [86,1126][137,1147]
Goal [145,1126][200,1147]
Line [210,1126][261,1147]
1st [40,1019][77,1046]
Half [86,1019][137,1046]
Asian [144,1019][214,1046]
Handicap [224,1019][341,1046]
Over [295,850][340,866]
All [185,1470][204,1490]
Sports [202,1470][256,1490]
2.000 [288,920][347,937]
C [481,15][504,38]
all [524,15][571,38]
100% [586,15][648,38]
((o) [345,1419][388,1449]
In-Play [338,1472][396,1489]
Goals [409,415][464,431]
24 [577,92][595,104]
£3.95 [537,183][589,198]
Half [507,414][546,431]
Asia [586,410][636,437]
Qingdao [431,598][511,623]
Hainiu [520,596][582,621]
U20 [590,595][627,619]
0.0,+0.5 [446,671][528,692]
2.000 [543,670][600,691]
My [476,1473][501,1489]
Bets [507,1473][543,1489]
Under [544,849][603,866]
1.800 [544,920][601,936]
V [660,1132][683,1144]
Casino [623,1472][680,1486]
