720x1600
12:10 [56,17][117,36]
bet365 [19,176][169,209]
o [107,85][134,109]
bet365.com/#/AC/B1 [153,85][429,109]
+ [476,83][505,112]
Popular [35,412][112,435]
Bet [156,415][188,431]
Builder [195,415][263,431]
Game [305,415][362,431]
Team [404,415][458,431]
Quarter [501,415][574,433]
Game [39,523][108,546]
Lines [119,522][183,545]
Phantoms [116,324][251,353]
Boom [261,324][336,353]
(W) [347,324][392,353]
vs [401,324][430,353]
Liege [441,324][512,353]
(W) [522,324][566,353]
v [582,324][602,353]
Phantoms [39,669][146,689]
Boom [154,671][216,691]
.. [226,673][241,691]
Liege [40,755][95,779]
(W) [104,755][139,779]
Belgium [178,268][256,288]
Div [265,268][294,288]
1 [302,268][308,288]
Women [319,268][393,288]
27 [415,268][438,288]
Sep [446,268][481,288]
14:00 [490,268][543,288]
1st [40,855][75,878]
Half [85,854][135,877]
Phantoms [39,1002][146,1020]
Boom [154,1004][216,1021]
... [226,1004][239,1021]
Liege [39,1086][95,1110]
(W) [104,1086][139,1110]
Home [44,1473][92,1486]
1st [40,1189][77,1212]
Quarter [86,1189][181,1212]
Phantoms [39,1332][146,1354]
Boom [156,1334][216,1354]
... [221,1334][240,1355]
All [175,1472][196,1490]
Sports [202,1472][256,1490]
Spread [287,601][356,623]
-7.5 [304,655][340,671]
1.83 [301,688][344,705]
+7.5 [301,740][343,756]
1.83 [301,773][345,790]
Spread [287,933][356,955]
-3.5 [305,987][340,1003]
1.83 [301,1020][345,1037]
+3.5 [301,1072][343,1088]
1.83 [301,1105][344,1122]
Spread [287,1265][356,1287]
Ca [481,14][506,38]
al [522,14][570,38]
100% [582,14][647,38]
-1.5 [304,1319][340,1335]
1.80 [301,1349][342,1369]
(o) [345,1419][388,1449]
In-Play [338,1472][396,1489]
Total [448,599][497,618]
O [436,654][448,670]
140.5 [457,653][511,670]
1.83 [452,688][496,705]
U [452,737][458,759]
140.5 [458,737][511,759]
1.83 [452,773][496,790]
Total [449,933][498,950]
O [443,987][456,1003]
70.5 [463,987][505,1003]
1.86 [452,1020][496,1037]
U [458,1070][464,1090]
70.5 [463,1070][505,1090]
1.80 [452,1105][496,1122]
Total [449,1265][497,1282]
0 [443,1319][456,1335]
35.5 [464,1319][505,1335]
1.83 [451,1350][495,1368]
17 [577,92][594,104]
My [476,1473][501,1489]
Bets [507,1473][543,1489]
BB [583,527][606,542]
Money [569,601][636,623]
Li.. [643,601][675,623]
H [628,410][635,436]
A [664,410][691,436]
1.31 [604,672][644,689]
3.20 [603,757][648,774]
BB [583,859][606,874]
Money [569,929][634,957]
Li... [645,928][681,955]
1.47 [604,1004][648,1021]
2.55 [603,1089][648,1106]
BB [583,1191][606,1206]
Money [568,1263][635,1286]
Li.. [642,1264][675,1287]
1.55 [604,1336][648,1353]
Casino [623,1472][680,1486]
