720x1600
11:46 [56,16][116,37]
O [129,16][150,37]
o [107,85][134,109]
bet365.com/#/AC/B1 [153,85][427,109]
Popular [35,327][111,352]
Bet [156,330][187,346]
Builder [195,330][263,346]
Result [307,330][367,346]
Eskilsminne [114,240][275,262]
IF [285,240][308,262]
v [316,240][330,262]
Ariana [339,240][425,262]
FC [436,240][469,262]
Malmo [479,240][568,262]
Full [39,440][81,461]
Time [90,440][153,461]
Result [163,440][241,461]
Eskilsminne [56,515][184,533]
IF [193,515][207,533]
2.37 [110,553][155,570]
Double [38,632][124,654]
Chance [133,633][226,656]
Goals [39,741][108,764]
Over/Under [118,741][260,764]
2.5 [88,888][119,906]
Sweden [162,183][239,204]
1.div [248,183][293,204]
Södra [300,183][356,204]
• [365,183][369,204]
27 [377,183][400,204]
Sep [408,183][444,204]
12:00 [452,183][505,204]
0.5 [89,1136][120,1153]
1.5 [89,1221][120,1238]
Alternative [38,989][175,1010]
Total [183,989][244,1010]
Goals [253,989][323,1010]
3.5 [88,1303][118,1321]
4.5 [88,1389][120,1406]
5.5 [89,1474][120,1491]
I|| [147,1543][172,1570]
Draw [335,516][387,533]
3.70 [337,550][381,570]
Over [295,819][340,835]
1.50 [296,889][340,906]
Over [295,1066][341,1082]
1.025 [289,1136][347,1153]
1.14 [296,1221][341,1238]
2.20 [295,1305][340,1322]
Ca [481,14][506,38]
al [522,14][570,38]
100% [582,14][647,38]
3.75 [295,1389][341,1406]
+ [476,83][505,112]
6.50 [296,1474][340,1491]
Corners [409,329][485,346]
17 [577,92][594,104]
Goals [529,330][584,346]
Half [627,329][666,346]
Ariana [495,515][563,533]
FC [573,515][599,533]
Malmo [608,515][680,533]
2.37 [565,551][609,569]
Under [544,818][603,835]
2.50 [551,887][594,905]
Under [543,1065][602,1081]
10.50 [545,1136][603,1153]
5.00 [552,1221][596,1238]
1.61 [552,1305][593,1322]
1.25 [552,1389][596,1406]
1.10 [552,1474][596,1491]
v [554,1542][570,1570]
C [708,330][718,346]
