720x1600
11:46 [56,17][116,36]
G [30,82][59,114]
o [107,85][134,109]
bet365.com/#/AC/B1 [153,85][427,109]
bet365 [19,176][169,208]
Full [39,524][81,545]
Time [90,524][153,545]
Result [163,524][241,545]
Popular [35,411][112,436]
Bet [155,413][187,431]
Builder [194,413][261,433]
Result [307,415][367,431]
CornerS [410,415][485,431]
Eskilsminne [56,600][184,618]
IF [193,600][207,618]
2.37 [110,637][155,654]
Eskilsminne [114,325][275,347]
IF [285,325][308,347]
v [316,325][330,347]
Ariana [338,325][425,347]
FC [436,325][469,347]
Malmo [479,325][570,347]
v [585,325][606,347]
Double [39,719][125,740]
Chance [134,719][227,740]
Sweden [162,268][239,287]
1.div [248,268][293,287]
Södra [300,268][356,287]
• [364,268][369,287]
27 [377,268][401,287]
Sep [408,268][444,287]
12:00 [452,268][505,287]
Goals [39,825][108,848]
Over/Under [118,825][261,848]
2.5 [88,974][120,991]
Home [44,1473][92,1486]
0.5 [89,1221][120,1238]
1.5 [89,1305][120,1322]
Alternative [38,1073][175,1094]
Total [183,1073][244,1094]
Goals [253,1073][323,1094]
All [185,1470][204,1490]
Sports [202,1470][256,1490]
Draw [334,599][385,618]
3.70 [338,637][382,654]
Over [295,901][338,918]
1.50 [296,974][340,991]
Over [295,1151][340,1167]
1.025 [289,1221][347,1238]
Ca [481,15][504,38]
l [559,15][565,38]
100% [587,15][648,38]
1.14 [295,1304][339,1321]
+ [476,83][505,112]
(o) [345,1419][388,1449]
In-Play [338,1472][396,1489]
17 [577,92][594,104]
£--- [546,176][583,204]
Goals [529,415][584,431]
My [476,1473][501,1489]
Bets [507,1473][543,1489]
Ariana [495,600][563,618]
FC [572,600][599,618]
Malmo [608,600][680,618]
2.37 [565,637][611,654]
Under [544,902][603,919]
2.50 [551,974][596,991]
Under [544,1150][603,1167]
10.50 [545,1221][603,1238]
5.00 [552,1303][594,1321]
V [660,530][683,541]
161 [552,1389][592,1398]
Casino [623,1472][680,1486]
