720x1600
19:31 [56,17][115,36]
®® [160,14][214,39]
- [230,22][238,30]
”emu [514,15][567,37]
100%- [579,16][665,36]
ED [31,81][60,114]
A192.168.4.108:8767/ni [105,84][427,110]
+ [476,83][505,112]
 [0,0][720,156]
FIXTURES [41,197][250,230]
Code [63,292][142,318]
7579 [154,293][230,318]
League [64,344][176,376]
Academy [187,343][334,376]
Time [62,395][140,420]
20:45 [152,395][237,420]
Home [64,447][156,472]
Birch [169,446][244,472]
Town [256,447][339,472]
Away [62,498][146,530]
Cedar [158,497][248,523]
City [260,498][317,530]
Code [63,603][142,629]
7580 [154,604][230,629]
League [64,655][176,687]
Junior [187,655][285,680]
Time [62,707][140,732]
20:45 [152,707][237,732]
Home [64,758][156,783]
Birch [169,757][244,783]
Youth [256,757][345,783]
Away [62,809][146,841]
Cedar [158,808][248,834]
City [260,809][317,841]
Code [63,914][142,940]
7581 [154,915][225,940]
League [64,967][176,999]
Academy [187,966][334,999]
Time [62,1018][140,1043]
20:45 [152,1018][237,1043]
Home [64,1069][156,1094]
Willow [167,1068][269,1094]
Town [280,1069][362,1094]
Away [62,1121][146,1153]
Harbor [158,1120][264,1146]
City [276,1121][333,1153]
