720x1600
11:58 [56,13][115,36]
O [127,15][147,36]
G [30,82][59,114]
bet365 [19,176][169,209]
o [107,85][134,109]
bet365.com/#/AC/B1 [153,85][429,109]
+ [476,83][505,112]
17 [577,92][594,104]
Torun [18,358][94,387]
(W) [105,360][149,387]
KS [21,323][55,354]
Basket [66,323][156,354]
25 [165,323][197,354]
I| [206,323][232,354]
Bydgoszcz [233,323][376,354]
(W) [386,323][431,354]
vs [440,323][470,354]
Katarzynki [480,323][620,354]
II [631,323][644,354]
Poland [178,268][244,289]
1 [253,268][260,289]
Liga [271,268][311,289]
Women [318,268][393,289]
27 [414,268][438,289]
Sep [445,268][481,289]
12:30 [490,268][543,289]
Popular [36,451][113,473]
Bet [155,452][185,467]
Builder [193,451][259,467]
Game [305,452][362,468]
Game [39,562][110,583]
Lines [120,562][185,583]
KS [40,707][66,730]
Basket [75,707][146,730]
25 [154,707][180,730]
|| [189,707][198,730]
B. [215,707][222,730]
Home [44,1473][92,1486]
Katarzynki [40,793][149,815]
I| [159,793][168,815]
Toru.. [176,793][239,815]
All [185,1470][204,1490]
Sports [202,1470][256,1490]
Spread [287,639][356,661]
+4.5 [301,693][343,709]
1.83 [301,726][345,743]
-4.5 [305,778][340,794]
Ca [481,14][506,38]
al [523,14][571,38]
100% [584,14][649,38]
1.83 [301,810][345,827]
((o) [345,1419][388,1449]
In-Play [338,1472][396,1489]
Total [449,639][497,656]
O [437,693][449,709]
142.5 [458,693][512,709]
1.83 [452,726][496,743]
U [454,775][460,795]
142.5 [458,775][511,795]
1.83 [452,810][496,827]
My [476,1473][501,1489]
Bets [507,1473][543,1489]
BB [583,565][606,580]
Money [569,637][636,661]
Li. [651,637][667,661]
2.50 [603,710][648,727]
1.50 [604,795][648,812]
Casino [623,1472][680,1486]
