720x1600
23238 [56,17][125,36]
O [168,16][189,37]
‘e‘).ull [514,15][567,37]
100%. [579,16][665,36]
m [31,81][60,114]
A192.168.4.1O8:8767/n1 [105,84][427,110]
+ [476,83][505,112]
 [0,0][720,156]
SEARCHPAGE [39,197][333,230]
Search [39,267][144,293]
the [156,267][204,293]
local [218,267][288,293]
catalog [301,267][415,300]
© [63,1366][94,1397]
6’ [222,1366][253,1397]
E] [382,1366][409,1397]
@ [539,1366][569,1398]
1234567890 [39,1458][683,1485]
 [0,1336][720,1600]
Q1 [25,1535][55,1586]
wlle [100,1544][196,1578]
r [251,1556][262,1577]
tOy [319,1543][405,1587]
u [455,1556][473,1578]
i\’o [532,1548][615,1578]
p [665,1555][685,1586]
