720x1600
23238 [56,17][125,36]
0 [168,16][189,37]
”$4” [514,15][567,37]
100%. [579,16][665,36]
ED [31,81][60,114]
A192.168.4.108:8767/nt [105,84][427,110]
+ [476,83][505,112]
 [0,0][720,156]
FIXTURES [41,197][250,230]
Code [63,292][142,318]
4197 [153,293][231,318]
League [64,344][176,376]
Academy [187,343][334,376]
Home [64,395][156,420]
Harbor [169,394][274,420]
Town [284,395][367,420]
Away [62,447][146,479]
River [158,447][233,472]
City [245,447][302,479]
Code [63,552][142,578]
4198 [153,553][230,578]
League [64,604][176,636]
Junior [187,604][285,629]
Home [64,655][156,680]
Harbor [169,654][274,680]
Youth [285,654][373,680]
Away [62,707][146,739]
River [158,707][233,732]
City [245,707][302,739]
Code [63,811][142,837]
4199 [153,812][230,837]
League [64,864][176,896]
Academy [187,863][334,896]
Home [64,915][156,940]
Cedar [168,914][259,940]
Town [268,915][351,940]
Away [62,967][146,999]
Maple [158,966][252,999]
City [264,967][322,999]
