720x1600
23138 [56,17][125,36]
O [168,16][189,37]
”$71..” [514,15][567,37]
10070. [579,16][665,36]
n [31,81][60,114]
A 192.168.11.10828767/[11 [105,84][427,110]
+ [476,83][505,112]
DRYRUN [41,197][217,230]
Code [40,267][118,293]
4197 [130,268][207,293]
League [41,327][152,359]
Academy [163,326][310,359]
Home [41,386][132,411]
Harbor [145,385][251,411]
Town [260,386][343,411]
Away [38,445][122,477]
River [135,445][210,470]
City [221,445][279,477]
Market [41,503][147,529]
Handicap [247,502][417,541]
Side [39,568][105,594]
HOME [247,569][359,598]
Line [41,634][102,659]
-1.5 [245,634][311,663]
Price [41,698][117,723]
2.13 [246,698][321,727]
State [39,763][119,788]
REVIEWONLY [247,763][489,792]
Local [40,834][99,853]
simulation. [109,834][235,853]
No [246,834][276,853]
transaction‘ [284,834][420,853]
