720x1600
12:04 [56,17][120,36]
o [107,85][134,109]
bet365.com/#/AC/B1 [153,85][427,109]
bet365 [19,176][169,208]
Popular [35,412][111,437]
Full [39,524][82,545]
Time [91,524][155,545]
Result [165,524][245,545]
Switzerland [151,269][269,289]
1.Liga [279,269][337,289]
Classic [346,269][416,289]
• [424,269][429,289]
27 [437,269][461,289]
Sep [469,269][506,289]
13:30 [515,269][568,289]
Bet [154,416][186,431]
Builder [194,415][263,431]
Result [307,416][366,432]
Goals [410,416][466,432]
FC [55,598][80,619]
Münsingen [89,598][209,622]
FC [150,326][183,353]
Münsingen [193,326][343,353]
v [352,326][367,353]
SV [375,326][412,353]
Muttenz [421,326][533,353]
2.5 [88,974][120,991]
Home [43,1473][92,1486]
2.55 [109,637][156,654]
Double [39,719][126,740]
Chance [134,719][227,740]
Goals [38,825][109,848]
Over/Under [118,825][265,848]
Correct [38,1074][134,1094]
Score [142,1074][214,1094]
FC [118,1165][143,1184]
Münsingen [151,1165][260,1187]
I|| [147,1543][172,1570]
All [183,1469][200,1489]
Sports [201,1468][257,1489]
Draw [335,599][385,617]
3.75 [338,637][384,654]
Over [294,903][339,919]
1.53 [296,974][340,991]
17.00 [332,1353][388,1370]
(o) [345,1419][388,1449]
Co [481,15][506,39]
R.ll [527,15][573,39]
100% [582,15][647,39]
In-Play [338,1472][396,1489]
+ [476,83][505,112]
Main [401,1076][443,1091]
All [481,1076][503,1091]
Half [508,415][549,432]
17 [577,92][594,104]
My [475,1473][499,1489]
Bets [505,1473][543,1489]
BB [582,529][606,543]
SV [525,600][552,617]
Muttenz [562,600][649,618]
Asia [600,414][634,435]
N [664,414][691,435]
2.20 [565,637][610,654]
BB [582,723][606,737]
BB [582,830][606,844]
Under [543,902][602,919]
2.37 [551,974][597,991]
SV [471,1167][499,1183]
Muttenz [505,1166][588,1183]
BB [582,1078][606,1092]
+ [604,1238][627,1261]
Casino [623,1472][681,1486]
