720x1600
12:04 [56,17][120,36]
o [107,85][134,109]
bet365.com/#/AC/B1 [153,85][427,109]
bet365 [19,176][169,208]
Popular [35,412][111,437]
Full [39,524][82,545]
Time [91,524][155,545]
Result [165,524][245,545]
Bet [154,416][186,431]
Builder [194,415][263,431]
Result [307,416][366,432]
Goals [410,416][466,432]
FC [55,598][80,619]
Münsingen [89,598][209,622]
Switzerland [151,269][269,289]
1.Liga [279,269][337,289]
Classic [346,269][416,289]
• [424,269][429,289]
27 [437,269][461,289]
Sep [469,269][506,289]
13:30 [515,269][568,289]
2.55 [109,637][156,654]
2.5 [88,974][120,991]
Double [39,719][126,740]
Chance [134,719][227,740]
FC [161,325][194,354]
Münsingen [193,325][343,354]
v [352,325][367,354]
SV [375,325][412,354]
Muttenz [421,325][533,354]
Goals [38,825][109,848]
Over/Under [118,825][265,848]
Correct [38,1074][134,1094]
Score [142,1074][215,1094]
Home [43,1473][92,1486]
X [21,1181][42,1202]
SV [58,1181][94,1202]
Muttenz [101,1181][205,1202]
Full [68,1217][105,1241]
Time [104,1217][160,1241]
Result [169,1217][239,1241]
Set [19,1336][66,1360]
Stake [76,1336][157,1360]
I|| [147,1543][172,1570]
Draw [335,601][387,618]
FC [59,1254][83,1275]
Münsingen [92,1254][201,1275]
v [210,1254][220,1275]
SV [227,1254][254,1275]
Muttenz [262,1254][344,1275]
All [172,1472][192,1488]
Sports [200,1472][257,1488]
3.75 [338,637][384,654]
Over [294,903][339,919]
1.53 [296,974][340,991]
(o) [345,1419][388,1449]
C [481,15][504,38]
all [524,15][571,38]
100% [586,15][648,38]
In-Play [338,1472][396,1489]
+ [476,83][505,112]
Main [401,1076][443,1091]
All [481,1076][503,1091]
£4.07 [537,181][588,200]
+) [598,182][623,201]
Half [508,415][549,432]
17 [577,92][594,104]
My [475,1473][499,1490]
Bets [505,1473][543,1490]
Asia [598,414][633,435]
N [664,414][690,435]
BB [582,529][606,543]
SV [525,599][553,617]
Muttenz [562,599][649,619]
2.20 [565,637][610,654]
BB [582,723][606,737]
BB [582,830][606,844]
Under [543,902][602,919]
2.37 [551,974][597,991]
BB [582,1078][606,1092]
Place [477,1339][551,1361]
Bet [560,1339][604,1361]
2.20 [640,1181][693,1201]
Casino [623,1472][681,1486]
