720x1600
12:04 [56,17][120,36]
o [107,85][134,109]
bet365.com/#/AC/B1 [153,85][427,109]
bet365 [19,176][169,208]
Popular [35,412][112,437]
X [21,515][42,536]
SV [58,515][94,536]
Muttenz [101,515][205,536]
£0.00 [21,657][111,689]
Full [59,553][96,571]
Time [104,553][160,571]
Result [169,553][239,571]
FC [59,588][83,608]
Münsingen [92,588][201,608]
v [210,588][220,608]
SV [227,588][254,608]
Muttenz [262,588][344,608]
+£1 [91,891][143,915]
Home [43,1473][92,1486]
YACKPO [32,767][142,790]
Platinum [163,767][244,790]
£59,564.68 [256,767][360,790]
365) [51,788][114,809]
1 [111,984][124,1013]
Bet [155,416][186,432]
Builder [195,416][263,432]
Result [307,416][367,432]
Goals [410,416][466,432]
4 [109,1068][121,1096]
Switzerland [151,269][269,288]
1.Liga [279,269][337,288]
Classic• [346,269][429,288]
27 [437,269][461,288]
Sep [469,269][506,288]
13:30 [515,269][568,288]
FC [150,326][184,353]
Münsingen [193,326][343,353]
v [352,326][367,353]
SV [375,326][413,353]
Muttenz [421,326][533,353]
7 [109,1152][129,1181]
Last [163,803][198,816]
won: [204,803][242,816]
00:22:50 [249,803][321,816]
Remember [55,1339][171,1359]
Stake [180,1339][237,1357]
I|| [147,1543][172,1570]
All [183,1470][203,1491]
Sports [201,1470][258,1491]
+£5 [331,891][388,915]
2 [349,984][370,1013]
5 [349,1067][371,1095]
0 [360,1238][368,1265]
C [481,15][504,38]
all [524,15][571,38]
100% [586,15][647,38]
(o) [345,1419][388,1449]
+ [476,83][505,112]
In-Play [338,1472][396,1489]
£4.07 [538,182][589,204]
+) [599,182][625,204]
Half [508,415][549,432]
17 [577,92][594,104]
Place [477,673][551,695]
Bet [560,673][604,695]
My [475,1473][499,1489]
Bets [505,1473][543,1489]
Asia [590,416][632,432]
Done [513,1342][568,1359]
£0.50 [554,786][602,799]
+£20 [562,891][638,915]
3 [589,984][610,1011]
6 [589,1068][610,1095]
2.20 [640,515][693,535]
Casino [623,1472][681,1486]
