720x1600
12:04 [56,17][120,36]
bet365 [19,176][169,208]
o [107,85][134,109]
bet365.com/#/AC/B1 [153,85][427,109]
Popular [35,412][112,437]
Stake [20,655][70,670]
X [21,515][42,536]
SV [58,515][94,536]
Muttenz [101,515][205,536]
Full [59,553][96,571]
Time [104,553][160,571]
Result [169,553][239,571]
£0.10 [30,680][109,715]
FC [59,588][83,607]
Münsingen [92,588][201,607]
v [210,588][220,607]
SV [227,588][254,607]
Muttenz [262,588][344,607]
365 [51,788][109,809]
+£1 [91,891][143,915]
ACKPOT [31,765][143,788]
Platinum [162,766][243,788]
£59,581.27 [255,767][359,789]
Home [43,1473][92,1486]
Bet [155,416][186,432]
Builder [195,416][263,432]
Result [307,416][367,432]
Goals [410,416][466,432]
4 [110,1069][121,1096]
Switzerland [151,269][269,288]
1.Liga [279,269][337,288]
Classic• [346,269][429,288]
27 [437,269][461,288]
Sep [469,269][506,288]
13:30 [515,269][568,288]
FC [150,326][184,353]
Münsingen [193,326][343,353]
v [352,326][367,353]
SV [375,326][413,353]
Muttenz [421,326][533,353]
7 [109,1152][129,1180]
Last [163,803][198,816]
won: [204,803][242,816]
00:22:50 [249,803][321,816]
Remember [55,1339][171,1360]
Stake [180,1339][237,1358]
I|| [147,1543][172,1570]
All [183,1470][203,1491]
Sports [201,1470][258,1491]
+£5 [331,891][388,915]
5 [349,1069][370,1096]
8 [360,1153][367,1177]
0 [351,1238][366,1265]
C [481,15][504,38]
all [524,15][571,38]
100% [586,15][647,38]
(o) [345,1419][388,1449]
+ [476,83][505,112]
In-Play [338,1472][396,1489]
£4.07 [538,182][589,204]
+) [599,182][625,204]
Half [508,415][549,432]
17 [577,92][594,104]
Place [477,659][551,681]
Bet [560,659][604,681]
Asia [590,416][632,432]
To [464,697][487,712]
Return [492,697][554,712]
£0.22 [561,697][612,712]
My [475,1473][499,1489]
Bets [505,1473][543,1489]
Done [513,1342][568,1359]
£0.50 [554,786][602,799]
+£20 [562,891][638,915]
3 [589,982][610,1012]
2.20 [640,515][693,535]
Casino [623,1472][681,1486]
