720x1600
12:04 [56,17][120,36]
bet365 [19,176][169,208]
o [107,85][134,109]
bet365.com/#/AC/B1 [153,85][427,109]
Popular [35,412][111,437]
Full [39,524][82,545]
Time [91,524][155,545]
Result [165,524][245,545]
FC [55,598][80,619]
Münsingen [89,598][209,622]
2.55 [109,637][156,654]
Double [39,719][126,740]
Chance [134,719][227,740]
2.5 [88,974][120,991]
Stake [20,1254][70,1269]
Bet [154,416][186,431]
Builder [194,415][263,431]
Result [307,416][366,432]
Goals [410,416][466,432]
Goals [38,825][109,848]
Over/Under [118,825][265,848]
Switzerland [151,269][269,289]
1.Liga [279,269][337,289]
Classic [346,269][416,289]
• [424,269][429,289]
27 [437,269][461,289]
Sep [469,269][506,289]
13:30 [515,269][568,289]
FC [161,325][194,354]
Münsingen [193,325][343,354]
v [352,325][367,354]
SV [375,325][412,354]
Muttenz [421,325][533,354]
X [20,1112][41,1134]
SV [57,1112][93,1134]
Muttenz [99,1112][205,1136]
Home [43,1473][91,1486]
Full [59,1152][96,1170]
Time [104,1152][160,1170]
Result [169,1152][238,1170]
£0.10 [21,1284][110,1309]
+£1 [92,1359][143,1383]
FC [59,1187][83,1207]
Münsingen [92,1187][201,1207]
v [210,1187][220,1207]
SV [227,1187][254,1207]
Muttenz [262,1187][344,1207]
I|| [147,1543][172,1570]
Draw [335,601][387,618]
All [183,1470][202,1491]
Sports [201,1470][258,1491]
3.75 [338,637][384,654]
Over [295,902][338,919]
1.53 [296,974][340,991]
+£5 [331,1359][388,1383]
(o) [345,1419][388,1449]
C [481,15][504,38]
all [524,15][571,38]
100% [586,15][648,38]
In-Play [338,1472][396,1489]
+ [476,83][505,112]
Main [400,1076][444,1087]
£4.07 [537,181][588,200]
+) [598,182][623,201]
Half [508,415][549,432]
17 [577,92][594,104]
Asia [598,414][633,435]
N [664,414][690,435]
BB [582,529][606,543]
SV [525,599][553,617]
Muttenz [562,599][649,619]
My [475,1473][499,1489]
Bets [505,1473][543,1489]
2.20 [565,637][610,654]
BB [582,723][606,737]
BB [582,830][606,844]
Under [543,902][602,919]
2.37 [551,974][597,991]
Place [477,1258][551,1280]
Bet [560,1258][604,1280]
To [464,1296][487,1311]
Return [492,1296][554,1311]
£0.22 [561,1296][612,1311]
+£20 [561,1357][637,1383]
2.20 [640,1114][692,1134]
Casino [623,1472][681,1486]
