720x1600
22238 [56,17][124,36]
O [167,16][188,37]
‘e‘).ul| [514,15][567,37]
100%. [579,16][665,36]
ED [31,81][60,114]
A192.168.4.108:8767/nr [105,84][427,110]
+ [476,83][505,112]
E] [569,81][602,114]
Neutral [57,213][218,252]
text [235,218][321,252]
entry [339,218][452,263]
Enter [56,314][147,343]
a [161,321][178,343]
value [192,312][286,343]
Lost [84,442][159,471]
response [174,449][339,479]
42 [352,442][395,471]
EDITED [56,566][186,595]
 [0,148][720,812]
© [63,953][94,984]
6’ [222,953][253,984]
E] [382,953][409,984]
@ [539,953][569,985]
1234567890 [39,1045][683,1072]
