720x1600
993517 [56,16][121,37]
v [139,22][150,31]
10 [165,21][184,37]
e1 [517,15][543,33]
..-- [550,15][567,32]
mvr [579,15][665,37]
m [34,85][57,114]
l'e [105,84][122,109]
1Eg_lée_:._megeriélim [153,86][427,109]
II [476,99][505,112]
6 [572,84][599,111]
Neutral [57,213][218,252]
text [235,218][321,252]
entry [339,218][452,263]
Enter [56,314][147,343]
a [161,321][178,343]
value [192,312][286,343]
Search [82,440][204,471]
READY [56,566][179,595]
III [150,1544][175,1571]
C) [349,1543][378,1572]
< [558,1543][573,1572]
