720x1600
14:31 [64,11][124,37]
B [137,14][144,38]
bet365 [12,175][172,213]
o [107,85][134,109]
bet365.com/#/AC/B1 [153,85][427,109]
+ [476,83][505,112]
Popular [35,412][112,436]
Bet [156,415][189,431]
Builder [195,415][262,431]
Game [305,415][362,431]
Game [39,524][111,545]
Lines [120,524][185,545]
Pantery [67,322][170,354]
Lancut [179,322][269,354]
(W) [278,322][323,354]
vs [332,322][361,354]
MUKS [372,322][453,354]
Poznan [463,322][560,354]
(W) [571,322][616,354]
v [649,322][658,354]
Pantery [40,670][120,694]
Lancut [128,670][199,694]
(.. [208,670][224,694]
Poland [178,268][244,289]
1 [253,268][260,289]
Liga [272,268][311,289]
Women [318,268][393,289]
27 [414,268][438,289]
Sep [445,268][481,289]
15:00 [490,268][542,289]
MUKS [40,755][103,779]
Poznan [112,755][190,779]
(W) [199,755][235,779]
Stake [20,1320][69,1335]
Get [20,1228][54,1249]
your [60,1228][104,1249]
bets [111,1228][153,1249]
on [160,1228][183,1249]
quicker [191,1228][265,1249]
£0.10 [20,1348][106,1377]
Home [44,1473][92,1486]
Spread [287,601][356,623]
-8.5 [305,655][340,671]
X [21,1080][42,1108]
Pantery [59,1080][156,1108]
Lancut [165,1080][249,1108]
(W) [258,1080][300,1108]
-8.5 [310,1080][360,1108]
Point [58,1118][114,1141]
Spread [121,1119][195,1143]
1.83 [302,688][344,705]
+8.5 [301,740][344,756]
All [175,1472][196,1490]
Sports [203,1472][256,1490]
1.83 [301,773][345,790]
Auto [19,1258][61,1277]
allow [68,1258][115,1277]
odds [121,1258][165,1277]
and [172,1258][204,1277]
line [212,1258][242,1277]
changes [249,1258][325,1277]
Ca [481,15][504,38]
l [559,15][565,38]
100% [586,15][647,38]
Pantery [59,1152][134,1175]
Lancut [141,1152][207,1175]
(W) [215,1152][247,1175]
vs [255,1152][276,1175]
MUKS [285,1152][344,1175]
Poznan [352,1152][423,1175]
(W) [432,1152][465,1175]
The [195,1023][229,1042]
price [236,1023][281,1042]
of [287,1023][305,1042]
your [311,1023][351,1042]
selection [357,1023][440,1042]
changed [447,1023][525,1042]
(o) [345,1419][388,1449]
Total [449,601][497,618]
In-Play [338,1472][396,1489]
O [437,655][449,671]
136.5 [458,655][512,671]
1.83 [452,688][496,705]
U [454,737][460,760]
136.5 [458,737][511,760]
1.83 [452,773][496,790]
£4.07 [536,178][588,201]
+) [598,180][624,202]
18 [577,92][594,104]
My [476,1473][501,1489]
Bets [507,1473][543,1489]
BB [583,527][606,542]
Money [569,597][634,623]
Li. [648,596][664,622]
1.25 [604,672][648,689]
3.65 [603,757][648,774]
Accept [450,1320][512,1342]
Change [520,1319][588,1341]
and [595,1318][627,1339]
Place [476,1350][550,1373]
Bet [558,1351][604,1373]
1.83 [640,1082][693,1102]
Casino [623,1472][680,1486]
