720x1600
13:44 [55,12][121,36]
D [140,14][147,37]
bet365 [19,176][169,208]
Popular [35,412][112,435]
Rytas [39,672][97,694]
o [107,85][134,109]
bet365.com/#/AC/B1 [153,85][429,109]
+ [476,83][505,112]
Game [39,523][108,546]
Lines [119,522][183,545]
Boca [39,756][90,773]
Juniors [98,756][177,774]
1st [40,1070][77,1091]
Half [86,1070][137,1091]
Rytas [39,1218][97,1240]
FIBA [160,268][205,289]
Intercontinental [213,268][366,289]
Cup [375,268][412,289]
26 [433,268][456,289]
Sep [464,268][500,289]
12:30 [508,268][561,289]
Home [44,1473][92,1486]
Bet [155,413][186,430]
Builder [194,413][262,432]
Game [305,415][362,431]
Team [404,415][458,431]
Quarter [501,415][574,433]
Rytas [212,323][283,352]
vs [294,322][322,351]
Boca [333,322][397,350]
Juniors [407,320][506,350]
Boca [40,1302][91,1319]
Juniors [99,1302][178,1319]
Spread [287,601][356,623]
Alternative [38,856][175,883]
Point [185,856][249,883]
Spread [257,856][344,883]
-10.5 [298,655][347,671]
Alternative [38,963][175,984]
Game [184,963][256,984]
Total [263,963][324,984]
All [185,1470][204,1490]
Sports [202,1470][256,1490]
1.86 [301,688][345,705]
+10.5 [295,740][350,756]
1.80 [301,773][344,790]
Spread [287,1147][356,1169]
-4.5 [304,1201][340,1217]
1.80 [301,1234][345,1251]
Ca [481,14][506,38]
al [523,14][571,38]
100% [584,14][649,38]
+4.5 [301,1286][343,1302]
1.86 [301,1319][345,1336]
(o) [345,1419][388,1449]
In-Play [338,1472][396,1490]
Total [449,601][498,618]
O [451,652][457,674]
171.5 [458,652][512,674]
1.80 [452,688][495,705]
U [452,737][457,759]
171.5 [457,736][509,758]
1.86 [452,773][496,790]
Total [449,1147][497,1164]
O [443,1201][456,1217]
85.5 [464,1201][505,1217]
1.83 [452,1234][496,1251]
U85.5 [443,1286][505,1302]
£3.69 [537,183][588,198]
1.83 [452,1319][496,1336]
6 [581,90][591,105]
My [476,1473][501,1489]
Bets [507,1473][543,1489]
Half [617,414][657,431]
Money [569,601][636,623]
Li.. [643,601][675,623]
1.20 [604,672][648,689]
4.20 [603,757][648,774]
V [660,530][683,542]
1.36 [604,1218][648,1235]
Money [569,1144][636,1170]
Li. [650,1144][668,1170]
2.90 [602,1300][647,1322]
V [660,968][683,981]
Casino [623,1472][680,1486]
