720x1600
22208 [56,17][124,36]
O [167,16][188,37]
‘e‘).ul| [514,15][567,37]
100%. [579,16][665,36]
Q [31,81][60,114]
©127.0.0.1:62469/text. [102,79][426,116]
+ [476,83][505,112]
Neutral [57,213][218,252]
text [235,218][321,252]
entry [339,218][452,263]
Enter [56,314][147,343]
a [161,321][178,343]
value [192,312][286,343]
fresh [81,440][171,471]
start [186,444][268,471]
EDITED [56,566][186,595]
 [0,148][720,812]
© [63,953][94,984]
6’ [222,953][253,984]
E] [382,953][409,984]
@ [539,953][569,985]
1234567890 [39,1045][683,1072]
