—— [62,24][80,24] 17
a [62,24][80,24] 15
a [59,25][68,30] 41
a [59,25][68,30] 21
D [1286,33][1287,39] 56
D [1286,33][1287,39] 45
ru [509,42][521,42] 60
ru [509,42][521,42] 65
rT [164,46][179,47] 30
ite [164,46][179,47] 7
Ss [196,50][213,51] 21
ire [196,50][213,51] 18
qos [1162,50][1177,51] 9
qa [1162,50][1177,51] 0
San [232,54][249,55] 34
Son [232,54][249,55] 26
ae [1128,54][1143,55] 37
ae [1128,54][1143,55] 36
a [262,56][271,57] 22
a [1102,56][1111,57] 0
a [1102,56][1111,57] 22
an [308,60][323,61] 20
Oe [308,60][323,61] 0
a [1052,60][1067,61] 21
— [315,63][332,64] 61
— [315,63][332,64] 67
— [1043,63][1060,64] 67
— [1043,63][1060,64] 63
tio [353,65][372,66] 43
io [353,65][372,66] 29
ppt [1001,65][1020,66] 0
rremecactt [1001,65][1020,66] 0
eeererreTTs [396,66][417,67] 0
ee [396,66][417,67] 34
rest [956,66][979,67] 23
st [956,66][979,67] 22
——— [331,69][354,69] 0
——— [331,69][354,69] 0
— [1025,69][1042,69] 57
— [1025,69][1042,69] 67
Live [91,89][116,105] 79
Live [91,89][116,105] 78
Settled [129,89][175,105] 62
Settled [129,89][175,105] 65
Open [40,91][68,103] 96
Open [40,91][68,103] 96
=a [1194,288][1201,297] 35
=i) [1203,288][1215,297] 18
= [1194,290][1197,293] 38
=i) [1203,290][1215,294] 21
it [1304,334][1315,345] 0
itr [1304,334][1315,345] 7
= [49,337][57,337] 55
= [49,337][57,337] 58
<J [48,347][57,347] 4
<J [48,347][57,347] 0
wa [726,415][731,415] 24
wa [726,415][731,415] 31
a [736,415][741,415] 37
a [736,415][741,415] 36