720x1600
19143 [56,17][121,36]
8>® [165,14][219,39]
o [235,22][243,30]
”f? .l” 100%. [514,15][665,37]
n [31,81][60,114]
A 192.168.11.10828767/[11 [105,84][427,110]
+ [476,83][505,112]
MARKETS [41,197][253,230]
Moneyline [40,277][229,315]
HOME [40,348][132,372]
NONE [219,350][325,379]
1.90 [360,350][434,379]
OPEN [471,348][554,372]
AWAY [38,430][128,454]
NONE [219,432][325,461]
2.10 [358,432][434,461]
OPEN [471,430][554,454]
Spread [39,524][166,562]
HOME [40,595][132,619]
-5.5 [217,597][282,626]
1.95 [360,597][435,626]
OPEN [471,595][554,619]
AWAY [38,677][128,701]
+5.5 [217,679][294,708]
1.85 [360,679][435,708]
OPEN [471,677][554,701]
Totals [38,771][149,801]
OVER [40,842][121,866]
220.5 [218,844][317,873]
1.80 [360,844][434,873]
OPEN [471,842][554,866]
UNDER [40,924][145,948]
220.5 [218,926][317,955]
2.00 [358,926][434,955]
OPEN [471,924][554,948]
