720x1600
19143 [56,17][121,36]
8>® [165,14][219,39]
o [235,22][243,30]
31.11 [514,15][567,37]
10070. [579,16][665,36]
n [31,81][60,114]
A 192.168.11.10828767/[11 [105,84][427,110]
+ [476,83][505,112]
DRYRUN [41,197][217,230]
Code [40,267][118,293]
7252 [130,268][207,293]
League [41,327][152,359]
Pro [165,327][215,352]
Time [38,386][116,411]
18200 [129,386][213,411]
Home [41,445][132,470]
Lake [145,444][216,470]
Club [228,444][296,470]
Away [38,504][122,536]
Hawks [135,503][238,529]
Stake [39,562][125,588]
10.00 [247,563][345,592]
Market [41,627][147,653]
Totals [245,626][355,657]
Side [39,691][105,717]
OVER [246,692][346,721]
Line [41,757][102,782]
220.5 [246,757][346,786]
Price [41,822][117,847]
1 [247,822][258,851]
.80 [270,822][322,851]
State [39,887][119,912]
REVIEW [247,887][389,916]
OK [403,887][454,916]
Local [40,958][99,977]
simulation. [109,958][235,977]
No [246,958][276,977]
transaction. [284,958][420,977]
