720x1600
15:41 [56,15][113,36]
o [107,85][134,109]
bet365.com/#/HO/ [153,85][405,109]
Search [113,195][193,214]
Football [48,349][114,363]
UEFA [38,791][94,814]
Nations [101,792][184,816]
League [192,793][270,817]
Sun [31,983][68,1002]
27 [76,984][99,1003]
Sep [107,985][144,1003]
Denmark [70,1084][165,1104]
6 [23,870][56,900]
UEFA [73,870][142,900]
Nations [151,870][253,900]
League [263,870][359,900]
Wales [68,1152][132,1172]
17:00 [39,1261][83,1274]
Horses [190,350][249,363]
UEFA [31,1205][82,1226]
Nations [90,1206][165,1228]
League [174,1207][244,1229]
A [250,1209][264,1229]
Serbia [69,1356][136,1376]
Netherlands [70,1426][201,1444]
Greyhounds [308,349][408,367]
UEFA [31,1476][82,1498]
Nations [90,1477][165,1500]
League [174,1479][244,1501]
A [251,1480][265,1501]
ENG [321,796][365,813]
Vs [374,796][396,813]
SL [404,796][430,813]
1 [406,986][413,1002]
1.40 [386,1119][434,1138]
7.00 [385,1391][434,1410]
Ca [481,15][505,39]
ll [557,15][572,39]
100%0 [579,15][665,39]
+ [476,83][505,112]
Racing [479,793][551,818]
X [517,986][529,1002]
5.00 [499,1119][547,1138]
5.00 [499,1391][547,1410]
< [555,1542][570,1571]
21 [578,92][593,104]
Cricket [606,349][665,363]
Casino [602,796][675,813]
View [606,876][650,890]
All [655,876][678,890]
2 [631,986][642,1002]
6.50 [612,1119][660,1138]
1.40 [612,1391][660,1410]
