720x1600
15:41 [55,15][113,35]
G [30,82][59,114]
bet365 [19,176][169,208]
% [107,85][134,109]
bet365.com/#/HO/ [153,85][405,109]
Football [48,433][114,447]
Search [113,279][193,298]
UEFA [39,879][96,902]
Nations [102,879][185,902]
League [193,879][270,902]
ENG [321,880][365,897]
Vs [374,880][396,897]
SL [404,880][428,897]
Sun [31,1067][68,1087]
27 [76,1069][100,1088]
Sep [107,1069][144,1089]
UEFA [72,953][141,980]
Nations [150,955][252,982]
League [262,957][358,984]
Denmark [70,1170][166,1189]
Wales [69,1238][133,1256]
17:00 [39,1345][83,1358]
G [45,1418][88,1457]
Horses [190,434][249,447]
UEFA [32,1289][82,1309]
Nations [90,1290][165,1310]
League [174,1291][244,1311]
A [251,1292][264,1311]
Home [44,1473][92,1486]
Greyhounds [308,430][406,450]
All [185,1470][204,1490]
Sports [202,1470][256,1490]
1.40 [386,1203][434,1222]
(o) [345,1419][388,1449]
1 [406,1070][413,1086]
In-Play [338,1472][396,1489]
Co [481,15][506,39]
R.ll [528,15][574,39]
100% [584,15][649,39]
+ [476,83][505,112]
bet365 [467,389][528,406]
ROULETTE [442,406][553,422]
£4.07 [537,181][589,200]
(+) [599,181][623,200]
Racing [479,877][551,901]
X [517,1070][528,1086]
5.00 [499,1203][547,1222]
21 [578,92][593,104]
My [476,1473][501,1489]
Bets [507,1473][543,1489]
Cricket [606,433][665,447]
Casino [602,880][674,897]
View [607,960][651,975]
All [657,960][680,975]
2 [631,1068][641,1083]
6.50 [612,1203][660,1222]
Casino [623,1472][680,1486]
