720x1600
15:41 [55,15][113,35]
G [30,82][59,114]
o [107,85][134,109]
bet365.com/#/MB/U [153,85][425,109]
bet365 [19,176][169,208]
Open [36,272][86,293]
Live [130,272][167,288]
Settled [210,272][278,288]
£1.00 [51,365][121,390]
Single [139,367][216,392]
Arsenal [240,370][303,394]
Home [44,1473][92,1486]
All [185,1470][204,1490]
Sports [202,1470][256,1490]
(o) [345,1419][388,1449]
In-Play [338,1472][396,1489]
Ca [481,15][505,39]
ll [557,15][572,39]
100%0 [579,15][665,39]
+ [475,82][506,113]
21 [578,92][593,104]
£4.07 [537,180][589,201]
(+) [599,180][623,201]
My [476,1473][501,1490]
Bets [507,1473][543,1490]
Casino [623,1472][680,1486]
