720x1600
15:41 [55,15][113,35]
G [30,82][59,114]
o [107,85][134,109]
bet365.com/#/MB/U [153,85][425,109]
bet365 [19,176][169,208]
Open [36,272][86,293]
Live [130,272][167,288]
Settled [210,272][278,288]
£1.00 [50,366][121,392]
Single [139,367][216,393]
3 [100,454][119,479]
Reuse [134,453][194,478]
Selections [202,451][306,478]
O [70,525][76,548]
Arsenal [92,525][180,548]
1.33 [203,525][250,548]
Full [93,567][122,582]
Time [129,567][174,582]
Result [181,567][237,582]
( [51,612][59,629]
Arsenal [89,613][157,632]
Home [44,1473][92,1486]
Leeds [91,663][144,678]
Stake [50,761][104,777]
£1.00 [51,791][129,816]
All [185,1470][204,1490]
Sports [202,1470][256,1490]
(o) [345,1419][388,1449]
In-Play [338,1472][396,1489]
Ca [481,15][505,39]
ll [557,15][572,39]
100%0 [579,15][665,39]
+ [475,82][506,113]
£4.07 [537,180][589,201]
(+) [599,180][623,201]
Share [507,454][563,475]
21 [578,92][593,104]
My [476,1473][501,1489]
Bets [507,1473][543,1489]
Sat [575,616][604,631]
10 [611,616][632,631]
Oct [639,616][670,631]
12:30 [619,663][669,678]
To [573,759][598,776]
Return [605,760][667,778]
£1.33 [575,791][652,817]
) [616,1361][678,1379]
Casino [623,1472][680,1486]
