720x1600
15:41 [55,15][113,35]
bet365 [14,174][171,212]
Settings [19,936][115,963]
o [107,85][134,109]
bet365.com/#/MB/U [153,85][425,109]
Language [21,1034][122,1057]
v [134,1033][142,1054]
Audio [19,1136][86,1155]
Horse [20,1230][82,1252]
Racing [91,1232][161,1253]
Football [21,1307][104,1325]
Home [44,1473][92,1486]
All [185,1470][204,1490]
Sports [202,1470][256,1490]
Information [182,805][286,823]
and [294,805][325,823]
transmission [332,805][450,823]
delays [457,805][514,823]
v [525,805][540,823]
Ca [481,15][505,39]
ll [557,15][572,39]
100%0 [579,15][665,39]
Odds [376,1032][421,1059]
Display [435,1032][507,1059]
Cricket [361,1307][435,1325]
+ [475,82][506,113]
Greyhounds [362,1232][488,1255]
(o) [345,1419][388,1449]
In-Play [338,1472][396,1489]
£4.07 [537,180][589,201]
() [599,180][624,201]
21 [578,92][593,104]
My [476,1473][501,1490]
Bets [507,1473][542,1490]
Casino [623,1472][680,1486]
