720x1600
15:41 [55,15][113,35]
G [30,82][59,114]
bet365 [19,176][169,209]
Horse [20,288][82,308]
Racing [91,289][161,309]
FootbalI [21,364][105,382]
o [107,85][134,109]
bet365.com/#/MB/U [153,85][425,109]
Form [19,462][78,483]
& [87,464][102,483]
Stats [110,464][170,485]
Football [32,559][114,581]
Stats [114,559][168,581]
Horse [21,635][83,657]
Racing [92,635][162,657]
Archive [171,635][249,657]
Scores [20,737][99,756]
& [108,737][123,756]
Results [132,737][218,756]
Live [20,831][61,849]
Scores [69,832][140,851]
Help [19,949][71,975]
Deposits [21,1049][113,1071]
Contact [20,1124][103,1141]
Us [112,1124][137,1141]
Terms [19,1198][88,1216]
and [95,1198][132,1216]
Conditions [141,1198][255,1216]
Technical [18,1271][121,1291]
Issues [130,1272][197,1291]
Cookie [19,1346][92,1368]
Policy [101,1347][162,1369]
Home [44,1473][92,1486]
All [185,1470][204,1490]
Sports [202,1470][256,1490]
Cricket [361,362][434,381]
Greyhounds [361,289][488,312]
Ca [481,15][505,39]
ll [557,15][572,39]
100%0 [579,15][665,39]
Sports [361,561][430,583]
Stats [439,561][492,583]
Results [362,832][439,850]
+ [475,82][506,113]
Australian [360,635][468,653]
Horse [477,635][540,653]
Form [548,635][601,653]
Withdrawals [361,1048][493,1066]
bet365 [361,1121][434,1143]
FAQ [442,1123][483,1143]
Safer [361,1198][417,1221]
Gambling [424,1198][525,1221]
Privacy [361,1271][437,1294]
Policy [446,1272][508,1295]
(o) [345,1419][388,1449]
Fair [361,1346][399,1369]
Payouts [408,1348][492,1371]
In-Play [338,1472][396,1489]
21 [578,92][593,104]
£4.07 [537,180][589,201]
() [599,180][623,201]
My [476,1473][501,1490]
Bets [507,1473][542,1490]
Casino [623,1472][680,1486]
