720x1600
15:41 [55,15][113,35]
G [30,82][59,114]
bet365 [19,176][169,208]
Terms [19,249][88,267]
and [95,249][132,267]
Conditions [141,249][255,267]
o [107,85][134,109]
bet365.com/#/MB/U [153,85][425,109]
Technical [18,321][121,342]
Issues [130,323][197,344]
Cookie [19,397][92,419]
Policy [101,398][163,420]
Complaints [20,472][139,497]
Procedure [150,471][257,496]
Deposit [20,547][99,572]
Limits [108,545][171,570]
Sites [20,650][77,669]
CareerS [19,746][101,765]
Sports [20,820][87,845]
& [96,820][109,844]
Betting [118,819][191,844]
News [201,818][258,843]
GambleAware [19,1184][218,1210]
GAMBLING [19,1282][155,1302]
COMMISSION [19,1307][185,1327]
Home [44,1473][92,1486]
bet365 [239,988][358,1012]
All [185,1470][204,1490]
Sports [202,1470][256,1490]
Safer [360,246][416,269]
Gambling [424,247][524,271]
ONLINE [288,1318][338,1327]
Privacy [362,324][438,347]
Policy [447,324][509,347]
Rules [362,474][419,492]
Fair [361,398][399,419]
Payouts [407,399][492,421]
Partners [361,746][450,764]
OFFICIAL [257,1058][322,1069]
GLOBAL [327,1058][385,1069]
PARTNER [390,1058][455,1069]
GAM [248,1284][311,1309]
STOP [321,1284][376,1309]
THERAPY [280,1167][337,1186]
FOR [349,1167][375,1185]
GAMBLING [283,1188][352,1208]
ADDICTION [362,1188][444,1208]
GORDON [303,1209][379,1228]
MOODY [379,1209][448,1228]
Ca [481,15][505,39]
ll [557,15][572,39]
100%0 [579,15][665,39]
+ [475,82][506,113]
CHAMPIONS [393,1015][478,1030]
LEAGUE [410,1032][465,1041]
(o) [345,1419][388,1449]
In-Play [338,1472][396,1489]
£4.07 [537,181][589,202]
(+) [599,181][623,202]
21 [578,92][593,104]
|BIA [536,1176][594,1198]
INTERNATIKONAL [506,1206][564,1217]
BTING [565,1206][594,1217]
INTEGRITY [507,1215][544,1220]
ASSOCIATION [545,1215][594,1220]
TBAs [486,1299][546,1323]
My [476,1473][501,1490]
Bets [507,1473][542,1490]
Casino [623,1472][680,1486]
