720x1600
20:13 [56,17][120,36]
>0) [164,14][218,39]
- [234,22][242,30]
an.” [514,15][567,37]
100%. [579,16][665,36]
m [30,81][61,115]
‘23 [106,86][135,109]
bet365.com/#/AX/ [153,84][397,109]
+ [475,82][506,113]
Q [38,175][70,208]
Search [87,181][163,200]
bet365... [172,181][267,200]
Q, [574,173][598,212]
Close [632,183][682,198]
RECENT [20,276][95,291]
SEARCHES [101,276][203,291]
C‘ear [655,276][701,291]
Arsenal [38,392][125,411]
) [138,399][148,414]
(h [475,857][516,880]
E [567,853][604,884]
9 [662,850][689,887]
© [63,953][94,984]
5"? [222,953][253,984]
[3] [382,953][409,984]
$3 [539,953][569,985]
1 [39,1045][50,1071]
2 [107,1045][125,1071]
3 [175,1045][194,1072]
4 [245,1045][265,1071]
5 [317,1045][335,1072]
6 [386,1045][404,1072]
7 [455,1045][473,1071]
8 [525,1045][543,1072]
9 [595,1045][613,1072]
0 [665,1045][683,1072]
Q [32,1137][59,1169]
W [97,1137][134,1166]
E [176,1137][195,1166]
R [246,1137][266,1166]
T [314,1137][337,1166]
Y [384,1137][407,1166]
U [453,1137][475,1167]
| [532,1137][536,1166]
O [591,1137][618,1167]
P [665,1137][686,1166]
A [67,1237][92,1266]
S [139,1237][161,1267]
D [209,1237][233,1266]
F [282,1237][301,1266]
G [347,1237][374,1267]
H [419,1237][442,1266]
J [492,1237][505,1267]
K [559,1237][582,1266]
L [631,1237][649,1266]
GZXCVBNMG] [41,1333][682,1366]
[#1 [43,1436][84,1462]
I [145,1464][153,1476]
English [298,1440][370,1463]
(UK) [378,1439][424,1462]
. [566,1464][573,1470]
Go [640,1439][674,1459]
V [25,1554][54,1575]
IN [150,1544][175,1571]
C) [349,1543][378,1572]
V [551,1549][580,1565]
