720x1600
20:10 [56,17][121,36]
B’CI) [164,14][218,39]
- [234,22][242,30]
an.” [514,15][567,37]
100%. [579,16][665,36]
m [30,81][61,115]
2; [106,86][135,109]
bet365.com/#/AX/ [153,84][397,109]
+ [475,82][506,113]
Q [38,175][70,208]
Search [86,178][163,207]
bet365... [172,181][267,200]
Q [574,173][598,212]
Close [632,183][682,198]
EXAMPLE [20,276][111,291]
SEARCHES [117,276][220,291]
UEFA [38,393][96,411]
Womens [106,393][203,411]
Champions [211,392][339,416]
League [346,393][429,416]
) [442,399][452,414]
EFL [38,505][78,523]
Trophy [87,504][165,528]
) [177,512][187,527]
UEFA [38,618][96,636]
Nations [104,617][192,636]
League [199,618][282,641]
> [295,624][305,639]
G) [63,1187][94,1218]
E73 [222,1187][253,1218]
E] [382,1187][409,1218]
€163 [539,1187][569,1219]
1234567890 [39,1279][683,1306]
QWERTYUIOP [32,1371][686,1403]
ASDFGHJ [67,1471][505,1501]
L [631,1471][649,1500]
K [559,1471][582,1500]
V4} [25,1554][74,1600]
iIIXCQBNR/A [139,1543][585,1600]
<3] [643,1569][682,1598]
