720x1600
20:00 [56,17][125,36]
B’CI) [168,14][222,39]
- [238,22][246,30]
am” [514,15][567,37]
100%- [579,16][665,36]
ED [31,81][60,114]
2; [106,86][135,109]
bet365.com/#/HO/ [153,85][405,109]
+ [476,83][505,112]
bet [19,176][91,209]
Rewards [407,183][486,198]
Log [625,183][658,202]
In [665,183][681,198]
Q [53,274][85,307]
Search [113,279][194,298]
‘ [216,381][240,402]
0‘ [353,381][384,401]
#MISSS— [452,391][562,404]
G [66,377][103,414]
‘ [206,393][226,411]
‘ [236,404][244,410]
‘ [348,396][362,410]
noun": [451,406][562,422]
Football [51,434][118,448]
Horses [196,435][255,448]
Greyhounds [316,434][416,452]
Cricket [617,434][677,448]
W“ [430,533][464,549]
New [38,541][78,556]
Customer [84,541][174,556]
Offer [180,541][227,556]
\x‘ [424,546][450,571]
‘r‘,’ [458,545][486,576]
W [698,550][720,568]
BE'I' [39,585][96,614]
£10 [108,584][172,615]
8: [184,584][209,615]
GET [221,584][280,615]
£30 [291,584][357,615]
Ill [39,629][72,658]
FREE [85,629][158,658]
BE'I'S [171,628][244,659]
 [503,523][660,642]
‘7” [523,642][571,673]
Deposit [24,792][85,809]
required [92,791][158,809]
Free [171,792][204,805]
Bets [212,792][246,805]
avariable [253,791][324,805]
on [331,795][349,805]
qualifying [357,791][435,809]
bet [443,791][467,805]
sememem [474,791][561,805]
Mm [573,792][601,805]
odds, [609,791][652,807]
OpI [677,792][705,809]
ir [712,792][719,805]
be1& [90,813][131,827]
payment [138,815][208,831]
exciusrorrs [215,813][301,827]
appiy. [308,813][354,831]
T&Cs [360,814][404,827]
and [411,813][439,827]
time [445,815][481,827]
limits [488,813][532,827]
appiy [539,813][582,831]
@ [19,874][132,921]
UCL [161,888][204,905]
Women [211,888][292,905]
Casino [342,888][415,905]
EFL [465,888][503,905]
Trophy [510,887][583,910]
WNBA [632,888][701,905]
bet365 [20,991][95,1009]
uses [103,996][153,1009]
cookies [161,991][244,1009]
We [20,1032][49,1048]
use [58,1036][91,1048]
cookies [99,1032][174,1048]
to [181,1033][200,1048]
deliver [208,1032][272,1048]
a [279,1036][288,1048]
better [297,1032][354,1048]
and [361,1032][396,1048]
more [405,1036][454,1048]
personaiised [462,1032][587,1053]
service. [596,1032][670,1048]
For [21,1064][51,1080]
more [59,1068][108,1080]
information, [116,1063][234,1083]
see [242,1068][275,1080]
our [283,1068][314,1080]
Cookie [322,1064][388,1080]
Poiicy. [397,1064][458,1085]
‘ [19,1111][20,1184]
Manage [271,1138][356,1160]
Cookies [365,1137][449,1155]
Essentiai [286,1233][380,1251]
Oniy [390,1233][435,1256]
 [0,962][720,1402]
J [72,1429][89,1457]
Q [195,1416][237,1458]
(‘°>) [345,1419][388,1449]
E13 [625,1416][678,1460]
Home [44,1473][92,1486]
All [175,1472][196,1486]
Sports [202,1473][257,1490]
ln-Play [338,1472][396,1490]
My [476,1473][501,1490]
Bets [507,1473][543,1486]
casino [623,1472][680,1486]
III [150,1544][175,1571]
C) [349,1543][378,1572]
< [557,1543][574,1572]
