720x1600
2042 [56,17][123,36]
ED [31,81][60,114]
2; [106,86][135,109]
bet365.com/#/HO/ [153,85][405,109]
bet365 [19,176][169,209]
Q [53,274][85,307]
Search [113,279][194,298]
UCL [39,903][82,920]
Women [89,903][170,920]
EFL [221,903][259,920]
Trophy [265,902][339,925]
G [19,997][56,1034]
UCL [77,1002][137,1026]
Women [147,1002][259,1026]
Tue [38,1082][72,1097]
22 [78,1082][101,1097]
Sep [107,1082][141,1101]
1 [38,1152][66,1181]
Arsenal [75,1157][158,1175]
(W) [167,1156][203,1180]
”I [38,1209][66,1237]
HB [76,1214][107,1231]
K¢ge [115,1214][170,1236]
(w) [178,1212][214,1236]
20:00 [39,1265][88,1280]
1 [38,1351][66,1380]
Real [76,1355][122,1373]
Madrid [131,1355][205,1373]
(W) [214,1354][250,1379]
GI [46,1418][89,1457]
Q [195,1416][237,1458]
Home [44,1473][92,1486]
All [175,1472][196,1486]
Sports [202,1473][257,1490]
(<°>) [345,1419][388,1449]
ln-Play [338,1472][396,1490]
Football [389,902][473,920]
":7, [514,15][543,37]
.III [550,17][567,35]
100%. [579,16][665,36]
+ [476,83][505,112]
-3 [516,166][694,218]
 [602,992][679,993]
 [602,1038][679,1039]
WNBA [523,903][592,920]
MLB [645,903][691,920]
‘ [580,1014][581,1017]
View [600,1005][648,1022]
All [655,1005][680,1022]
‘ [700,1014][701,1017]
X [524,1082][537,1097]
2 [639,1082][650,1097]
