720x1600
20242 [56,17][123,36]
”$71..” [514,15][567,37]
100%. [579,16][665,36]
ED [31,81][60,114]
2; [106,86][135,109]
bet365.com/#/HO/ [153,85][405,109]
+ [476,83][505,112]
 [533,168][629,209]
 [602,591][679,592]
 [602,637][679,638]
O [666,178][685,197]
bet365 [19,176][169,209]
- [657,199][694,218]
Q [53,274][85,307]
Search [113,279][194,298]
‘1 [215,380][241,405]
“ [353,381][384,401]
—betsss— [452,391][562,404]
9/ [628,377][666,401]
G [66,377][103,414]
‘ [206,392][226,412]
“ [232,403][244,410]
‘ [347,396][362,410]
nouns": [451,406][562,422]
V [629,400][665,414]
Football [51,434][118,448]
Horses [196,435][255,448]
Greyhounds [316,434][416,452]
' [472,433][475,434]
Cricket [617,434][677,448]
UCL [39,502][82,519]
Women [89,502][170,519]
EFL [221,502][259,519]
Trophy [265,501][339,524]
Football [389,501][473,519]
WNBA [523,502][592,519]
MLB [645,502][691,519]
G [19,595][56,633]
UCL [77,600][137,624]
Women [147,600][259,624]
1 [580,613][581,616]
View [600,604][648,621]
All [655,604][680,621]
1 [700,613][701,616]
Tue [38,681][72,696]
22 [78,681][101,696]
Sep [107,681][141,700]
1 [412,681][419,696]
X [524,681][537,696]
2 [639,681][650,696]
1 [38,751][66,780]
Arsenal [75,755][158,773]
(W) [167,754][203,778]
0 [319,756][331,773]
1? [38,807][66,836]
HB [76,813][107,830]
Kage [115,813][170,835]
(w) [178,811][214,835]
o [319,813][331,830]
110 [396,808][440,825]
6.00 [509,808][554,825]
1200 [616,808][674,825]
41 [38,863][56,878]
:05 [62,863][88,878]
1 [38,950][66,979]
Real [76,954][122,972]
Madrid [131,954][205,972]
(W) [214,953][250,977]
1 [320,955][328,972]
i [39,1006][65,1035]
p59 [76,1011][121,1028]
(w) [130,1009][166,1033]
o [319,1011][331,1028]
144 [396,1006][441,1023]
4.33 [508,1006][553,1023]
750 [622,1006][667,1023]
41 [38,1062][56,1077]
:41 [62,1062][85,1077]
‘[m‘ [38,1148][66,1177]
Juventus [75,1154][175,1171]
(W) [183,1152][219,1176]
0 [319,1154][331,1171]
i [38,1204][66,1234]
Benﬁca [76,1209][157,1227]
(w) [165,1208][202,1232]
1 [320,1210][328,1227]
360 [395,1205][440,1222]
320 [509,1205][554,1222]
2‘1 [622,1205][650,1222]
0 [656,1205][667,1222]
41 [38,1261][56,1276]
:05 [62,1261][88,1276]
Wed [38,1332][77,1347]
23 [84,1332][106,1347]
Sep [112,1332][147,1351]
1 [412,1332][419,1347]
X [524,1332][537,1347]
g [46,1418][89,1457]
Q [195,1416][237,1458]
<<°>> [345,1419][388,1449]
(9 [490,1418][529,1457]
E13 [625,1416][678,1460]
Home [44,1473][92,1486]
All [175,1472][196,1486]
Sports [202,1473][257,1490]
ln-Play [338,1472][396,1490]
My [476,1473][501,1490]
Bets [507,1473][543,1486]
casino [623,1472][680,1486]
III [150,1543][175,1570]
C) [349,1542][378,1571]
< [557,1542][574,1571]
