720x1600
20:10 [56,16][121,36]
oil) [164,14][218,39]
- [234,22][242,30]
an.” [514,15][567,37]
100%. [579,16][665,36]
m [30,81][61,115]
‘23 [106,86][135,109]
bet365.com/#/AX/K9 [153,84][427,109]
+ [475,82][506,113]
Q [38,175][70,208]
Arsenal [86,178][173,207]
Football [20,309][106,327]
TEAMS [19,407][87,422]
‘l [20,495][46,522]
Arsenal [66,500][161,521]
> [176,501][189,523]
Arsenal [19,582][102,600]
v [109,587][121,600]
Leeds [129,582][192,600]
1 [413,573][418,588]
X [525,573][536,588]
Sal100cl12:30 [20,618][169,633]
1/3 [405,616][439,635]
4/1 [517,616][549,635]
Arsenal [19,694][102,712]
v [109,699][121,712]
Lille [129,694][172,712]
1 [413,686][418,701]
X [525,686][536,701]
Tue13 [19,731][79,746]
Oct [87,731][117,746]
20:00 [124,731][173,746]
1/4 [405,729][440,748]
17/4 [512,729][561,748]
Nottm [20,808][86,825]
Forest [95,808][162,825]
V [169,812][181,825]
Arsenal [187,807][270,825]
1 [413,798][418,813]
X [525,798][536,813]
Sun180011630 [20,843][174,858]
17/4 [398,841][447,860]
16/5 [512,841][560,860]
Fleetwood [20,919][131,937]
Town [138,920][195,937]
v [202,924][214,937]
Arsenal [221,919][303,937]
1 [413,911][418,926]
X [525,911][536,926]
Wed [20,956][58,971]
28 [66,956][86,971]
Oct [94,956][124,971]
19:45 [131,956][180,971]
20/1 [397,954][442,973]
11/1 [512,954][556,973]
1 [20,1029][46,1057]
Arsenal [66,1035][161,1056]
(W) [171,1034][213,1062]
> [228,1035][241,1058]
Arsenal [19,1116][102,1134]
(W) [110,1115][147,1139]
v [154,1121][166,1134]
HB [174,1117][204,1134]
Kage [212,1117][267,1139]
(W) [275,1115][311,1139]
1 [413,1108][418,1123]
X [525,1108][536,1123]
09 [20,1153][40,1168]
32 [48,1153][69,1168]
0-0 [80,1154][111,1169]
1/28 [398,1151][446,1170]
12/1 [512,1151][556,1170]
Chelsea [20,1229][106,1247]
(W) [114,1228][150,1253]
V [158,1234][170,1247]
Arsenal [176,1229][259,1247]
(W) [268,1228][304,1252]
1 [413,1220][418,1235]
X [525,1220][536,1235]
Sun [20,1265][52,1280]
27 [60,1265][81,1280]
Sep16:30 [88,1265][177,1284]
5/4 [405,1263][440,1282]
12/5 [512,1263][560,1282]
‘I [20,1339][46,1366]
Arsenal [66,1344][161,1365]
(RIVAL) [171,1343][266,1371]
> [280,1344][293,1367]
ﬁr [46,1418][89,1457]
Q [195,1416][237,1458]
(m) [345,1419][388,1449]
@ [489,1417][530,1458]
Home [43,1473][92,1486]
All [174,1472][196,1486]
Sports [202,1473][257,1490]
ln-Play [338,1472][396,1490]
My [476,1473][501,1490]
Bets [507,1473][543,1486]
III [150,1544][175,1571]
C) [349,1543][378,1572]
< [557,1543][574,1572]
Close [632,183][682,198]
7/1 [631,616][663,635]
‘l‘l/1 [625,729][670,748]
11/20 [619,841][680,860]
‘l/‘l4 [625,954][674,973]
20/1 [625,1151][670,1170]
9/5 [631,1263][667,1282]
casino [623,1472][680,1486]
