720x1600
20142 [56,16][123,36]
a. [30,81][61,115]
‘23 [106,86][135,109]
bet365.com/#/AX/K9 [153,84][427,109]
Q [38,175][70,208]
Arsenal [86,181][171,200]
Football [20,309][106,327]
TEAMS [19,407][87,422]
‘l [20,495][46,522]
Arsenal [66,500][161,521]
> [176,501][189,523]
Arsenal [19,582][102,600]
v [109,587][121,600]
Leeds [129,582][192,600]
Sal10 [20,618][76,633]
Ocl1Z:30 [84,618][169,633]
Arsenal [19,694][102,712]
v [109,699][121,712]
Lille [129,694][172,712]
Tue [19,731][52,746]
13 [59,731][79,746]
Oct [87,731][117,746]
20:00 [124,731][173,746]
Nottm [20,808][86,825]
Forest [95,808][162,825]
V [169,812][181,825]
Arsenal [187,807][270,825]
Sun [20,843][52,858]
180011630 [61,843][174,858]
Fleetwood [20,919][131,937]
Town [138,920][195,937]
v [202,924][214,937]
Arsenal [221,919][303,937]
Wed [20,956][58,971]
28 [66,956][86,971]
Oct [94,956][124,971]
19:45 [131,956][180,971]
1 [20,1029][46,1057]
Arsenal [66,1035][161,1056]
(W) [171,1034][213,1062]
> [228,1035][241,1058]
Arsenal [19,1116][102,1134]
(W) [110,1115][147,1139]
v [154,1121][166,1134]
HB [174,1117][204,1134]
Kage [212,1117][267,1139]
(W) [275,1115][311,1139]
41 [19,1153][37,1168]
18 [49,1153][69,1168]
0-0 [80,1154][111,1169]
Chelsea [20,1229][106,1247]
(W) [114,1228][150,1253]
V [158,1234][170,1247]
Arsenal [176,1229][259,1247]
(W) [268,1228][304,1252]
Sun [20,1265][52,1280]
27 [60,1265][81,1280]
Sep16:30 [88,1265][177,1284]
‘I [20,1339][46,1366]
Arsenal [66,1344][161,1365]
(Professor) [171,1343][312,1371]
> [326,1344][339,1367]
1‘7“.” [514,15][567,37]
100%. [579,16][665,36]
1 [413,573][418,588]
X [525,573][536,588]
133 [400,616][444,633]
5:00 [513,616][558,633]
1 [413,686][418,701]
X [525,686][536,701]
125 [400,729][444,746]
5:25 [513,729][558,746]
1 [413,798][418,813]
X [525,798][536,813]
525 [400,841][444,858]
4:20 [512,841][558,858]
1 [413,911][418,926]
X [525,911][536,926]
21:00 [392,954][451,971]
12.00 [507,954][565,971]
1 [413,1108][418,1123]
X [525,1108][536,1123]
120 [400,1151][444,1168]
6:00 [513,1151][558,1168]
1 [413,1220][418,1235]
X [525,1220][536,1235]
225 [399,1263][444,1280]
3:40 [513,1263][558,1280]
ﬁr [46,1418][89,1457]
Q [195,1416][237,1458]
(‘°>) [345,1419][388,1449]
@ [489,1417][530,1458]
Home [43,1473][92,1486]
All [174,1472][196,1486]
Sports [202,1473][257,1490]
ln-Play [338,1472][396,1490]
My [476,1473][501,1490]
Beta [507,1473][543,1486]
| [150,1543][152,1570]
| [161,1543][164,1570]
| [173,1543][175,1570]
O [349,1542][378,1571]
+ [475,82][506,113]
Close [632,183][682,198]
8.00 [626,616][671,633]
12:00 [620,729][678,746]
1.55 [627,841][672,858]
1071 [620,954][675,971]
12:00 [620,1151][678,1168]
280 [626,1263][671,1280]
Casino [623,1472][680,1486]
