720x1600
20:10 [56,17][121,36]
B>® [164,14][218,39]
- [234,22][242,30]
":7, [514,15][543,37]
.III [550,17][567,35]
100%. [579,16][665,36]
ED [31,81][60,114]
2; [106,86][135,109]
bet365.com/#/AC/B1 [153,85][427,109]
+ [476,83][505,112]
Rewards [407,183][486,198]
Log [625,183][658,202]
In [665,183][681,198]
bet365 [19,176][169,209]
6 [34,265][60,288]
England [240,268][317,289]
Premier [326,268][403,284]
League [410,268][481,289]
10 [303,327][324,342]
Oct [331,327][361,342]
12:30 [369,327][417,342]
I [113,333][163,385]
4» [346,362][372,383]
Arsenal [96,411][179,429]
v [354,414][366,427]
1‘ [557,331][608,385]
Leeds [551,411][614,429]
Bet [156,554][187,570]
Builder [195,554][263,570]
Quick [307,554][362,572]
Players [369,554][440,575]
Scorers [484,554][559,570]
Res [603,554][636,570]
Q [664,547][691,578]
Full [39,654][82,675]
Time [90,654][153,675]
Result [162,654][241,675]
EARLY [38,696][96,711]
PAYOUT [101,696][178,711]
ACCA [205,696][258,711]
BOOST [264,696][330,711]
Arsenal [92,753][172,771]
1/3 [116,791][150,810]
Score [38,864][110,884]
or [118,869][144,884]
Assist [151,863][229,884]
sun [38,905][75,920]
ON [81,905][113,920]
PLAY [119,905][167,920]
ON [171,905][203,920]
Player [39,964][101,986]
I [107,965][115,982]
Last [122,965][164,981]
5 [171,965][182,981]
Bukayo [95,1019][174,1042]
Saka [182,1019][234,1037]
1 [105,1054][110,1067]
1 [135,1054][140,1067]
o [164,1054][173,1067]
1 [195,1054][200,1067]
o [224,1054][233,1067]
Christos [95,1103][185,1121]
Tzolis [191,1103][256,1121]
o [104,1138][113,1151]
o [134,1138][143,1151]
o [164,1138][173,1151]
o [194,1138][203,1151]
o [224,1138][233,1151]
Kai [95,1188][128,1206]
Havertz [136,1189][220,1206]
1 [105,1223][110,1236]
o [134,1223][143,1236]
1 [165,1223][170,1236]
o [194,1223][203,1236]
0 [224,1223][233,1236]
Martin [95,1272][165,1290]
Odegam [173,1272][259,1295]
10100 [105,1307][233,1320]
Declan [95,1356][168,1374]
Rice [176,1356][222,1374]
nnnnn [104,1391][233,1398]
ﬁr [46,1418][89,1457]
Q [195,1416][237,1458]
Hume [43,1473][92,1486]
All [175,1472][196,1486]
Sparts [202,1473][257,1490]
Draw [335,754][387,771]
4/1 [342,791][374,810]
Score [331,965][389,981]
Assist [465,964][528,981]
13/8 [337,1035][385,1054]
5/2 [480,1035][515,1054]
7/4 [343,1119][379,1138]
5/2 [480,1119][515,1138]
1 [330,1203][337,1220]
3/1 [343,1203][374,1222]
0 [380,1203][392,1220]
4/1 [479,1203][511,1222]
1 [337,1288][344,1305]
1/4 [351,1288][386,1307]
1 [473,1288][480,1305]
0/3 [486,1288][521,1307]
9/2 [343,1372][378,1391]
7/ [479,1372][501,1391]
2 [503,1372][515,1389]
(<o>) [345,1419][388,1449]
@ [490,1418][529,1457]
ln-Play [338,1472][396,1490]
My [476,1473][501,1490]
Bets [507,1473][543,1486]
0 [349,1543][378,1572]
\/ [660,676][683,688]
Leeds [557,753][619,771]
7/1 [570,791][602,810]
\/ [660,885][683,897]
Score [591,951][649,967]
or [655,955][675,967]
Assist [601,978][664,995]
8/11 [609,1035][654,1054]
4/5 [615,1119][651,1138]
4/5 [615,1203][651,1222]
6/5 [616,1288][651,1307]
7/4 [616,1372][652,1391]
E33 [625,1422][678,1453]
casino [623,1472][680,1486]
