720x1600
19:47 [56,17][119,36]
wil) [162,14][216,39]
- [232,22][240,30]
”awn [514,15][567,37]
100%- [579,16][665,36]
Q [31,81][60,114]
A192.168.4.108:8767/nl [105,84][427,110]
+ [476,83][505,112]
 [0,0][720,156]
SEARCHPAGE [39,197][333,230]
Search [39,267][144,293]
the [156,267][204,293]
local [218,267][288,293]
catalog [301,267][415,300]
© [63,1232][94,1263]
6’ [222,1232][253,1263]
E] [382,1232][409,1263]
@ [539,1232][569,1264]
1234567890 [39,1324][683,1351]
 [0,1202][720,1600]
\Qalndnghj [25,1512][502,1575]
