Hungary [499,588][562,602] 92
-0.0 [567,588][594,599] 91
1.800 [866,588][902,599] 96
Asian [498,608][531,618] 95
Handicap [536,608][592,621] 96
Northern [499,626][546,635] 96
Ireland [551,626][585,635] 73
Hungary [600,626][643,638] 96
v [590,629][595,635] 92
Gold [554,674][578,682] 93
£6,206.26 [584,674][633,683] 92
OF, [529,675][543,684] 83
£0.50 [829,682][854,689] 96
Last [555,691][571,698] 96
13:16:52 [600,691][633,698] 91
von [580,693][593,698] 93
Stake [477,733][503,741] 95
Place [769,735][809,747] 96
Bet [815,736][841,747] 96
£0.10 [478,750][525,763] 96
To [763,756][775,764] 96
Return [779,756][812,764] 96
£0.18 [817,756][844,764] 96