Trending [20,32][87,53]
UEFA Nations League A [50,74][193,91]
UEFA Nations League B [50,116][192,133]
Upcoming Football [50,158][167,175]
NFL [50,200][74,217]
Next Races [50,242][118,259]
World Grand Prix [50,284][156,301]
Upcoming Tennis [50,326][155,343]
WNBA [50,368][91,385]
UCL Challenge [50,410][138,427]
Most Used [20,473][100,494]
UEFA Nations League A [50,515][193,532]
UEFA Nations League B [50,557][192,574]
Football [50,599][100,616]
A-Z [20,657][47,678]
Next to Start [50,699][129,716]
American Football [50,741][162,758]
Australian Rules [50,783][149,800]
Badminton [50,825][118,842]
Baseball [50,867][100,884]
Basketball [50,909][113,926]
Boxing [50,951][93,968]
Casino [50,993][90,1010]
Cricket [50,1035][92,1052]
Cycling [50,1077][95,1094]
Darts [50,1119][83,1136]
Esports [50,1161][95,1178]
Fantasy Sports [50,1203][139,1220]
Floorball [50,1245][104,1262]
Football [50,1287][100,1304]
Formula 1 [50,1329][111,1346]
Futsal [50,1371][86,1388]
Gaelic Sports [50,1413][130,1430]
Golf [50,1455][76,1472]
Greyhounds [50,1497][124,1514]
Handball [50,1539][105,1556]
Horse Racing [50,1581][131,1598]
Ice Hockey [50,1623][116,1640]
Lotto [50,1665][83,1682]
MMA [50,1707][84,1724]
Motor Sports [50,1749][132,1766]
Motorbikes [50,1784][115,1801]
NASCAR [50,1819][99,1836]
Other Motor Sports [50,1854][162,1871]
Rally [50,1889][77,1906]
Supercars [50,1924][106,1941]
Pelota [50,1791][88,1808]
Politics [50,1833][94,1850]
Rugby League [50,1875][137,1892]
Rugby Union [50,1917][130,1934]
Sailing [50,1959][91,1976]
Snooker [50,2001][100,2018]
Specials [50,2043][99,2060]
United Kingdom [50,2078][144,2095]
World [50,2113][85,2130]
Italy [50,2148][74,2165]
Speedway [50,2085][112,2102]
Surfing [50,2127][95,2144]
Table Tennis [50,2169][125,2186]
Tennis [50,2211][89,2228]
Trotting [50,2253][99,2270]
UEFA Champions League [50,2295][200,2312]
Virtual Sports [50,2337][135,2354]
Volleyball [50,2379][110,2396]
Water Polo [50,2421][118,2438]
Winter Sports [50,2463][135,2480]
Alpine Skiing [50,2498][125,2515]
Biathlon [50,2533][97,2550]
Cross Country Skiing [50,2568][169,2585]
UEFA Nations League A [721,44][845,60]
• [848,45][853,61]
28 Sep 19:45 [856,44][923,60]
Türkiye v Italy [759,75][865,96]
Popular [309,142][353,158]
Popular [309,142][353,158]
Bet Builder [377,142][435,158]
Bet Builder [375,142][437,158]
Quick Players [462,142][533,158]
Quick Players [459,142][535,158]
Scorers [558,142][597,158]
Scorers [557,142][598,158]
Shots [621,142][651,158]
Shots [620,142][652,158]
Cards/Fouls [676,142][738,158]
Cards/Fouls [674,142][740,158]
Player Stats [764,142][825,158]
Player Stats [762,142][827,158]
Result [851,142][883,158]
Result [849,142][884,158]
Corners [907,142][948,158]
Corners [906,142][950,158]
Goals [972,142][1002,158]
Goals [972,142][1003,158]
Half [1026,142][1047,158]
Half [1025,142][1048,158]
Other [1071,142][1101,158]
Other [1070,142][1102,158]
Asian Lines [1126,142][1185,158]
Asian Lines [1124,142][1187,158]
Popular [309,142][353,158]
Popular [309,142][353,158]
Bet Builder [377,142][435,158]
Bet Builder [375,142][437,158]
Quick Players [462,142][533,158]
Quick Players [459,142][535,158]
Scorers [558,142][597,158]
Scorers [557,142][598,158]
Shots [621,142][651,158]
Shots [620,142][652,158]
Cards/Fouls [676,142][738,158]
Cards/Fouls [674,142][740,158]
Player Stats [764,142][825,158]
Player Stats [762,142][827,158]
Result [851,142][883,158]
Result [849,142][884,158]
Corners [907,142][948,158]
Corners [906,142][950,158]
Goals [972,142][1002,158]
Goals [972,142][1003,158]
Half [1026,142][1047,158]
Half [1025,142][1048,158]
Other [1071,142][1101,158]
Other [1070,142][1102,158]
Asian Lines [1126,142][1185,158]
Asian Lines [1124,142][1187,158]
Full Time Result [310,221][422,241]
Türkiye [310,271][351,288]
2.75 [357,271][381,288]
Draw [659,271][689,288]
3.50 [695,271][718,288]
Italy [1007,271][1031,288]
2.50 [1037,271][1061,288]
Full Time Result – Enhanced Prices [310,324][551,344]
Score or Assist [310,381][413,401]
Player / Last 5 [310,423][390,439]
Arda Guler [340,452][406,469]
0 [345,471][351,485]
Gianluca Scamacca [340,496][455,513]
N/A [340,516][358,530]
Moise Kean [340,542][411,559]
0 [345,561][351,575]
Pio Esposito [340,587][414,604]
0 [345,606][351,620]
Kerem Akturkoglu [340,632][452,649]
0 [345,651][351,665]
Baris Yilmaz [340,677][414,694]
0 [345,697][351,711]
Score [806,423][838,439]
3.20 [811,460][834,477]
2.50 [811,505][834,522]
2.50 [811,550][834,567]
2.62 [811,595][834,612]
3.25 [811,640][834,657]
3.20 [811,685][834,702]
Assist [1015,423][1047,439]
3.75 [1019,460][1043,477]
5.50 [1019,505][1043,522]
6.50 [1019,550][1043,567]
6.00 [1019,595][1043,612]
4.33 [1019,640][1043,657]
5.50 [1019,685][1043,702]
Score or Assist [1199,423][1281,439]
1.90 [1228,460][1252,477]
1.95 [1228,505][1252,522]
2.05 [1228,550][1252,567]
2.10 [1228,595][1252,612]
2.10 [1228,640][1252,657]
2.25 [1228,685][1252,702]
Show more [778,731][848,748]
Others on Request [310,776][416,793]
Goalscorers [310,828][392,848]
Shots On Target [310,885][423,905]
Player / Last 5 [320,927][400,943]
Giacomo Raspadori [340,955][459,972]
N/A [340,975][358,989]
Gianluca Scamacca [340,1000][455,1017]
N/A [340,1020][358,1034]
Moise Kean [340,1046][411,1063]
2 [345,1065][351,1079]
Pio Esposito [340,1091][414,1108]
2 [345,1110][351,1124]
Nicolo Zaniolo [340,1135][429,1152]
N/A [340,1155][358,1169]
Deniz Gul [340,1181][399,1198]
0 [345,1201][351,1215]
1+ [788,927][804,943]
1.36 [784,964][808,981]
1.36 [784,1009][808,1026]
1.36 [784,1054][808,1071]
1.40 [784,1099][808,1116]
1.40 [784,1144][808,1161]
1.44 [784,1189][808,1206]
2+ [945,927][960,943]
2.75 [941,964][965,981]
2.62 [941,1009][965,1026]
2.62 [941,1054][965,1071]
2.75 [941,1099][965,1116]
2.75 [941,1144][965,1161]
3.25 [941,1189][965,1206]
3+ [1101,927][1117,943]
7.00 [1098,964][1122,981]
7.00 [1098,1009][1122,1026]
7.00 [1098,1054][1122,1071]
7.00 [1098,1099][1122,1116]
7.00 [1098,1144][1122,1161]
9.00 [1098,1189][1122,1206]
4+ [1258,927][1273,943]
19.00 [1251,964][1282,981]
19.00 [1251,1009][1282,1026]
19.00 [1251,1054][1282,1071]
21.00 [1251,1099][1282,1116]
21.00 [1251,1144][1282,1161]
21.00 [1251,1189][1282,1206]
Show more [778,1235][848,1252]
Shots [310,1287][349,1307]
Player / Last 5 [320,1329][400,1345]
Giacomo Raspadori [340,1357][459,1374]
N/A [340,1377][358,1391]
Moise Kean [340,1403][411,1420]
5 [345,1422][351,1436]
Arda Guler [340,1448][406,1465]
3 [345,1467][351,1481]
Gianluca Scamacca [340,1492][455,1509]
N/A [340,1512][358,1526]
Nicolo Zaniolo [340,1537][429,1554]
N/A [340,1557][358,1571]
Deniz Gul [340,1583][399,1600]
0 [345,1603][351,1617]
1+ [779,1329][795,1345]
1.025 [772,1366][803,1383]
1.02 [776,1411][800,1428]
1.03 [776,1456][800,1473]
1.03 [776,1501][800,1518]
1.03 [776,1546][800,1563]
1.04 [776,1591][800,1608]
2+ [919,1329][934,1345]
1.16 [915,1366][939,1383]
1.14 [915,1411][939,1428]
1.18 [915,1456][939,1473]
1.20 [915,1501][939,1518]
1.20 [915,1546][939,1563]
1.22 [915,1591][939,1608]
3+ [1058,1329][1073,1345]
1.50 [1054,1366][1078,1383]
1.44 [1054,1411][1078,1428]
1.53 [1054,1456][1078,1473]
1.57 [1054,1501][1078,1518]
1.57 [1054,1546][1078,1563]
1.66 [1054,1591][1078,1608]
4+ [1197,1329][1212,1345]
2.20 [1193,1366][1217,1383]
2.10 [1193,1411][1217,1428]
2.25 [1193,1456][1217,1473]
2.37 [1193,1501][1217,1518]
2.37 [1193,1546][1217,1563]
2.62 [1193,1591][1217,1608]
5+ [1336,1329][1352,1345]
3.50 [1332,1366][1356,1383]
3.40 [1332,1411][1356,1428]
3.75 [1332,1456][1356,1473]
4.00 [1332,1501][1356,1518]
4.00 [1332,1546][1356,1563]
4.50 [1332,1591][1356,1608]
6+ [1475,1329][1491,1345]
6.50 [1472,1366][1495,1383]
6.00 [1472,1411][1495,1428]
7.00 [1472,1456][1495,1473]
8.00 [1472,1501][1495,1518]
7.00 [1472,1546][1495,1563]
9.00 [1472,1591][1495,1608]
7+ [1615,1329][1630,1345]
13.00 [1607,1366][1638,1383]
11.00 [1607,1411][1638,1428]
13.00 [1607,1456][1638,1473]
15.00 [1607,1501][1638,1518]
15.00 [1607,1546][1638,1563]
17.00 [1607,1591][1638,1608]
8+ [1754,1329][1769,1345]
21.00 [1746,1366][1777,1383]
19.00 [1746,1411][1777,1428]
21.00 [1746,1456][1777,1473]
21.00 [1746,1501][1777,1518]
21.00 [1746,1546][1777,1563]
Show more [778,1637][848,1654]
Double Chance [310,1689][416,1709]
Goals Over/Under [310,1746][436,1766]
2.5 [422,1825][439,1842]
Over [743,1788][770,1804]
1.61 [745,1825][769,1842]
Under [1131,1788][1166,1804]
2.25 [1137,1825][1161,1842]
Alternative Total Goals [310,1878][470,1898]
0.5 [422,1957][439,1974]
1.5 [422,2002][439,2019]
3.5 [422,2047][439,2064]
4.5 [422,2092][439,2109]
5.5 [422,2137][439,2154]
6.5 [422,2182][439,2199]
7.5 [422,2227][439,2244]
Over [743,1920][770,1936]
1.03 [745,1957][769,1974]
1.18 [745,2002][769,2019]
2.50 [745,2047][769,2064]
4.50 [745,2092][769,2109]
9.00 [745,2137][769,2154]
19.00 [742,2182][773,2199]
34.00 [742,2227][773,2244]
Under [1131,1920][1166,1936]
15.00 [1133,1957][1164,1974]
4.50 [1137,2002][1161,2019]
1.50 [1137,2047][1161,2064]
1.18 [1137,2092][1161,2109]
1.071 [1133,2137][1164,2154]
1.02 [1137,2182][1161,2199]
1.005 [1133,2227][1164,2244]
Both Teams to Score [310,2280][454,2300]
Yes [311,2330][329,2347]
1.50 [335,2330][359,2347]
No [833,2330][850,2347]
2.50 [856,2330][880,2347]
Result/Both Teams to Score [310,2383][504,2403]
Türkiye [310,2462][351,2479]
Italy [310,2507][334,2524]
Draw [310,2552][340,2569]
Yes [944,2425][961,2441]
4.50 [941,2462][965,2479]
4.33 [941,2507][965,2524]
4.00 [941,2552][965,2569]
No [1205,2425][1222,2441]
5.50 [1202,2462][1226,2479]
5.00 [1202,2507][1226,2524]
15.00 [1199,2552][1229,2569]
Cards [310,2605][349,2625]
Fouls Committed [310,2662][430,2682]
To Be Fouled [310,2719][400,2739]
Correct Score [310,2776][405,2796]
Main [1233,2778][1259,2793]
All [1276,2778][1290,2793]
Türkiye [452,2827][496,2844]
0 [468,2860][480,2887]
Italy [808,2827][835,2844]
0 [816,2860][828,2887]
15.00 [1154,2864][1185,2881]
Others on Request [310,2929][416,2946]
Half Time Correct Score [310,2981][477,3001]
Main [1233,2983][1259,2998]
All [1276,2983][1290,2998]
Türkiye [452,3032][496,3049]
0 [468,3065][480,3092]
Italy [808,3032][835,3049]
0 [816,3065][828,3092]
3.50 [1158,3069][1182,3086]
Others on Request [310,3134][416,3151]
Half Time/Full Time [310,3186][450,3206]
Corners [310,3243][364,3263]
9 [427,3322][434,3339]
Over [678,3285][705,3301]
2.00 [680,3322][704,3339]
Exactly [933,3285][972,3301]
7.50 [941,3322][965,3339]
Under [1196,3285][1231,3301]
2.20 [1202,3322][1226,3339]
Alternative Corners [310,3375][447,3395]
1 [427,3454][434,3471]
2 [427,3499][434,3516]
3 [427,3544][434,3561]
4 [427,3589][434,3606]
5 [427,3634][434,3651]
6 [427,3679][434,3696]
Over [678,3417][705,3433]
1.001 [677,3454][707,3471]
1.004 [677,3499][707,3516]
1.006 [677,3544][707,3561]
1.03 [680,3589][704,3606]
1.083 [677,3634][707,3651]
1.18 [680,3679][704,3696]
Exactly [933,3417][972,3433]
101.00 [934,3454][972,3471]
41.00 [938,3499][968,3516]
29.00 [938,3544][968,3561]
19.00 [938,3589][968,3606]
13.00 [938,3634][968,3651]
10.00 [938,3679][968,3696]
Under [1196,3417][1231,3433]
101.00 [1195,3454][1233,3471]
67.00 [1199,3499][1229,3516]
41.00 [1199,3544][1229,3561]
29.00 [1199,3589][1229,3606]
15.00 [1199,3634][1229,3651]
8.00 [1202,3679][1226,3696]
Show more [778,3725][848,3742]
Match Goals Range [310,3777][446,3797]
Main [1233,3779][1259,3794]
All [1276,3779][1290,3794]
Match Goals [310,3866][381,3883]
Yes [944,3824][961,3840]
2-4 [1074,3823][1092,3839]
1.53 [941,3866][965,3883]
No [1205,3824][1222,3840]
2.37 [1202,3866][1226,3883]
Team Goals Range [310,3919][439,3939]
Both Teams to Receive Cards [310,3976][512,3996]
a Card [310,4055][347,4072]
2+ Cards [310,4100][362,4117]
a Red Card [310,4145][372,4162]
Yes [944,4018][961,4034]
1.18 [941,4055][965,4072]
1.83 [941,4100][965,4117]
51.00 [938,4145][968,4162]
No [1205,4018][1222,4034]
4.50 [1202,4055][1226,4072]
1.83 [1202,4100][1226,4117]
Draw No Bet [310,4198][400,4218]
Türkiye [311,4248][352,4265]
1.90 [358,4248][382,4265]
Italy [833,4248][857,4265]
1.80 [863,4248][887,4265]
Handicap Result [310,4301][424,4321]
Alternative Handicap Result [310,4358][506,4378]
Handicap 2-Way [310,4415][426,4435]
1st Half Handicap 2-Way [310,4472][485,4492]
1st Half Goals Range [310,4529][456,4549]
2nd Half Goals Range [310,4586][462,4606]
Results/Goals Range [310,4643][454,4663]
Double Chance/Goals Range [310,4700][510,4720]
Reality Check [645,248][739,268]
Your session has now exceeded [577,280][760,297]
05:00:01 [760,280][807,297]
Remain Logged In [628,331][756,351]
Log out [665,386][719,406]
You have requested a Reality Check after every 60 minutes of play. [518,434][705,470]
Review Your Account History [597,494][787,513]
Safer Gambling [522,545][610,562]
Contact Us [827,545][890,562]