720x1600
11:38 [56,17][117,36]
o [107,85][134,109]
bet365.com/#/AC/B1 [153,85][428,109]
+ [476,83][505,112]
Popular [35,326][111,351]
Poland [178,183][244,203]
1 [253,183][260,203]
Liga [272,183][311,203]
Women [318,183][393,203]
27 [414,183][438,203]
Sep [445,183][481,203]
12:00 [490,183][542,203]
LKS [81,238][132,267]
KK [142,238][178,267]
Lodz [188,238][250,267]
(W) [261,238][305,267]
vs [314,238][343,267]
Sparta [353,238][440,267]
Ziebice [450,238][547,267]
(W) [557,238][602,267]
v [634,238][642,267]
Bet [156,330][187,346]
Builder [195,330][263,346]
Game [305,330][362,346]
Game [39,439][108,462]
Lines [119,438][183,461]
LKS [39,586][80,610]
KK [88,586][117,610]
Lodz [125,586][175,610]
(W) [184,586][219,610]
Sparta [49,668][119,695]
Ziebice [116,668][193,695]
(W) [201,668][237,695]
Spread [287,517][356,539]
+2.5 [301,571][343,587]
Ca [481,15][504,38]
l [559,15][565,38]
100% [587,15][648,38]
1.83 [301,604][344,621]
-2.5 [305,656][340,672]
1.83 [301,689][344,706]
Total [449,517][498,534]
O [436,570][448,586]
136.5 [457,569][511,586]
1.83 [452,604][496,621]
U [451,653][457,675]
136.5 [458,653][511,675]
17 [577,92][594,104]
1.83 [452,689][494,706]
Money [569,514][636,541]
Li. [646,514][665,541]
2.12 [603,588][648,605]
1.64 [604,673][649,690]
