Sweden [499,588][555,599] 96
1.90 [875,588][902,599] 96
Full [499,608][519,618] 96
Time [524,608][554,618] 95
Result [559,608][595,618] 96
Sweden [499,626][539,635] 93
Poland [553,626][587,635] 96
v [543,629][548,635] 90
Gold [554,674][578,682] 93
£5,958.78 [584,674][633,683] 92
£0.50 [829,682][854,689] 96
Last [555,691][571,698] 96
16:52 [612,691][633,698] 96
won [584,693][593,698] 96
Stake [477,733][503,741] 95
Place [769,735][809,747] 96
Bet [815,736][841,747] 96
£0.10 [478,750][525,763] 96
To [763,756][775,764] 96
Return [779,756][812,764] 96
£0.19 [817,756][844,764] 96