720x1600
12:41 [55,15][113,35]
G [30,82][59,114]
o [107,85][134,109]
bet365.com/#/AC/B1 [153,85][427,109]
bet365 [19,176][169,208]
Full [39,524][81,545]
Time [90,524][153,545]
Result [163,524][241,545]
Panionios [80,599][184,618]
1.30 [111,637][155,654]
Popular [35,412][112,435]
Bet [155,413][186,430]
Builder [194,413][262,432]
Result [307,415][367,431]
Goals [409,415][464,431]
Half [507,414][545,431]
Greece [171,266][239,287]
Super [254,266][308,287]
League [313,266][385,287]
227 [385,266][448,287]
Sep [452,266][487,287]
14:00 [496,266][549,287]
Double [39,719][125,740]
Chance [134,719][227,740]
2.5 [88,974][120,991]
Home [44,1473][92,1486]
Panionios [189,321][320,349]
v [330,323][344,349]
Zakynthos [353,323][492,351]
Goals [39,825][108,847]
Over/Under [118,825][261,847]
Correct [39,1074][131,1094]
Score [140,1074][211,1094]
Panionios [140,1166][239,1183]
0 [180,1232][198,1257]
All [185,1470][204,1490]
Sports [202,1470][256,1490]
Draw [335,599][385,618]
4.75 [337,637][382,654]
Over [295,901][338,919]
2.00 [295,974][340,991]
Ca [481,15][505,39]
ll [557,15][572,39]
100%0 [579,15][665,39]
8.00 [337,1353][380,1369]
+ [475,82][506,113]
(o) [345,1419][388,1449]
In-Play [338,1472][396,1489]
£4.07 [537,180][589,201]
() [599,180][623,201]
Main [401,1075][444,1090]
All [480,1075][503,1090]
18 [577,92][594,104]
0 [521,1234][540,1260]
Zakynthos [532,598][643,622]
My [476,1473][501,1489]
Bets [507,1473][543,1489]
Asiat [587,410][635,433]
A [663,412][687,434]
BB [583,527][606,542]
Zakynthos [478,1164][581,1187]
9.50 [565,637][610,654]
BB [583,721][606,736]
BB [583,829][605,843]
Under [544,902][603,919]
1.80 [552,974][596,991]
BB [583,1076][606,1091]
+ [604,1238][627,1261]
Casino [623,1472][680,1486]
