720x1600
12:41 [55,15][113,35]
G [30,82][59,114]
bet365 [19,176][169,208]
o [107,85][134,109]
bet365.com/#/AC/B1 [153,85][427,109]
Asian [38,520][107,547]
Handicap [117,522][234,549]
2.5 [87,920][118,936]
Goal [39,772][93,793]
Line [104,772][155,793]
Popular [37,415][112,436]
Bet [156,415][187,431]
Builder [195,415][262,431]
Result [307,415][367,431]
Goals [409,415][464,431]
Half [507,414][546,431]
Asia [586,410][636,437]
Greece [171,266][239,287]
Super [254,266][308,287]
League [313,266][385,287]
227 [385,266][448,287]
Sep [452,266][487,287]
14:00 [496,266][549,287]
Panionios [189,321][320,350]
v [330,323][344,350]
Zakynthos [353,323][492,352]
Panionios [140,601][239,618]
G [38,1456][94,1472]
-1.5 [149,672][187,691]
1.975 [202,670][258,690]
Home [44,1473][92,1486]
Alternative [37,1015][174,1043]
Asian [182,1016][252,1043]
Handicap [262,1017][379,1045]
Alternative [38,1126][175,1147]
Goal [184,1126][238,1147]
Line [249,1126][300,1147]
1st [40,1340][77,1361]
Half [86,1340][137,1361]
Goal [145,1340][200,1361]
Line [210,1340][261,1361]
Over [295,850][340,866]
1st [39,1230][76,1256]
Half [85,1230][136,1256]
Asian [144,1230][213,1257]
Handicap [223,1231][340,1259]
2.025 [288,918][347,936]
All [185,1470][204,1490]
Sports [202,1470][256,1490]
Ca [481,15][505,39]
ll [557,15][572,39]
100%0 [579,15][665,39]
+ [475,82][506,113]
(o) [345,1419][388,1449]
In-Play [338,1472][396,1489]
£4.07 [537,180][589,201]
() [599,180][623,201]
18 [577,92][594,104]
Zakynthos [477,599][582,623]
+1.5 [484,673][530,690]
1.825 [545,673][602,690]
My [476,1473][501,1489]
Bets [507,1473][543,1489]
Under [544,849][603,866]
1.775 [545,920][604,937]
Casino [623,1472][680,1486]
