720x1600
12:42 [56,17][119,36]
bet365 [19,176][169,208]
o [107,85][134,109]
bet365.com/#/AC/B1 [153,85][427,109]
Popular [36,413][110,435]
Bet [156,415][189,431]
Builder [195,415][260,431]
Stake [20,654][70,669]
X [21,514][42,536]
Panionios [59,514][182,536]
-1.5 [193,514][242,536]
£0.10 [31,679][107,716]
Asian [57,549][118,572]
Handicap [126,551][227,575]
Panionios [59,587][155,608]
v [163,587][173,608]
Zakynthos [180,587][282,608]
+£1 [92,890][143,914]
Home [44,1473][92,1486]
YACKPOT [32,767][142,788]
Silver [163,767][215,788]
£538.11 [225,767][298,788]
365 [51,788][109,809]
1 [112,983][124,1011]
4 [111,1068][122,1095]
Greece [171,268][239,289]
Super [247,268][304,289]
League [311,268][382,289]
2 [389,268][400,289]
27 [421,268][444,289]
Sep [451,268][487,289]
14:00 [496,268][549,289]
Panionios [190,325][321,353]
v [330,325][345,353]
Zakynthos [354,325][493,353]
v [508,325][529,353]
7 [109,1151][129,1179]
The [195,456][229,474]
price [236,456][281,474]
of [287,456][305,474]
your [311,456][351,474]
selection [357,456][440,474]
changed [447,456][525,474]
Remember [56,1341][172,1359]
Stake [179,1341][238,1359]
Result [307,415][367,431]
Goals [409,415][463,431]
Last [163,803][198,816]
won: [203,803][242,816]
12:29:08 [249,803][321,816]
All [185,1470][204,1490]
Sports [202,1470][256,1490]
+£5 [332,890][388,914]
2 [349,982][370,1012]
LO [353,1067][369,1096]
8 [350,1151][370,1176]
Ca [481,15][504,38]
l [559,15][565,38]
100% [586,15][647,38]
(o) [345,1419][388,1449]
+ [476,83][505,112]
3 [331,1450][398,1471]
o [327,1540][394,1569]
In-Play [338,1472][396,1490]
£4.07 [536,177][588,201]
+) [599,179][624,202]
Half [507,414][546,431]
18 [577,92][594,104]
My [476,1473][501,1489]
Bets [507,1473][543,1489]
Asiai [586,412][637,436]
A [664,412][689,436]
Accept [450,656][515,675]
Change [521,656][590,675]
and [596,656][629,675]
Place [478,685][550,707]
Bet [560,685][604,707]
Done [514,1342][567,1359]
£0.50 [555,786][602,799]
1.950 [624,515][693,535]
+£20 [562,887][635,915]
6 [590,1067][609,1092]
Casino [623,1472][680,1486]
