720x1600
12:42 [56,17][119,36]
o [107,85][134,109]
bet365.com/#/AC/B1 [153,85][427,109]
bet365 [19,176][169,208]
Popular [36,413][110,435]
Bet [156,415][189,431]
Builder [195,415][260,431]
X [21,514][42,536]
Panionios [59,514][182,536]
-1.5 [193,514][242,536]
365 [51,788][109,809]
Asian [57,548][118,571]
Handicap [126,550][227,575]
Panionios [58,584][155,605]
v [162,585][172,605]
Zakynthos [178,585][280,606]
+£1 [92,890][143,914]
Home [44,1473][92,1486]
ACKPO7 [33,766][143,788]
Platinum [164,766][244,788]
£62,947.25 [256,766][360,788]
1 [112,983][124,1011]
4 [110,1067][122,1095]
Greece [171,268][239,289]
Super [247,268][304,289]
League [311,268][382,289]
2 [389,268][400,289]
27 [421,268][444,289]
Sep [451,268][487,289]
14:00 [496,268][549,289]
Panionios [190,325][321,353]
v [330,325][345,353]
Zakynthos [354,325][493,353]
v [508,325][529,353]
7 [109,1151][130,1180]
Result [307,415][367,431]
Goals [409,415][463,431]
The [195,456][229,474]
price [236,456][281,474]
of [287,456][305,474]
your [311,456][351,474]
selection [357,456][440,474]
changed [447,456][525,474]
Remember [56,1341][172,1359]
Stake [179,1341][238,1359]
Last [164,803][198,816]
won: [203,803][242,816]
00:22:50 [249,803][321,816]
All [185,1470][204,1490]
Sports [202,1470][256,1490]
+£5 [332,890][387,914]
2 [350,983][370,1012]
5 [348,1067][370,1095]
8 [350,1150][371,1178]
Ca [481,15][504,38]
l [559,15][565,38]
100% [586,15][647,38]
0 [360,1237][368,1264]
+ [476,83][505,112]
(o) [345,1419][388,1449]
In-Play [338,1472][396,1490]
£4.07 [536,177][588,201]
+) [599,179][624,202]
Half [507,414][546,431]
18 [577,92][594,104]
My [476,1473][501,1489]
Bets [507,1473][543,1489]
Asiai [586,412][637,436]
A [664,412][689,436]
Accept [437,672][532,700]
Change [541,672][642,700]
Done [514,1342][567,1359]
£0.50 [555,786][602,799]
+£20 [562,887][635,915]
1.950 [624,512][691,536]
3 [589,982][609,1010]
6 [590,1067][611,1094]
Casino [623,1472][680,1486]
