720x1600
12:18 [56,16][117,37]
O [129,16][149,37]
G [30,82][59,114]
o [107,85][134,109]
bet365.com/#/AC/B1 [153,85][427,109]
bet365 [19,176][169,209]
UBI [69,387][105,410]
Graz [114,387][164,410]
(W) [170,387][205,410]
Popular [36,528][111,551]
Bet [156,531][189,547]
Builder [195,531][262,547]
Game [39,641][110,662]
Lines [120,641][185,662]
UBI [38,785][72,808]
Graz [82,785][129,808]
(W) [138,785][172,809]
lirija [40,871][89,895]
(W) [97,871][132,895]
Home [44,1473][92,1486]
Adriatic [232,268][308,288]
League [317,268][387,288]
2 [395,268][405,288]
Women [412,268][487,288]
All [185,1470][204,1490]
Sports [202,1470][256,1490]
27 [301,337][323,354]
Sep [329,337][362,354]
12:30 [370,337][419,354]
Game [305,531][362,547]
Spread [287,717][356,739]
+3.5 [301,771][343,787]
1.83 [301,804][344,821]
VS [349,391][370,403]
-3.5 [305,856][340,872]
1.83 [301,889][344,906]
((o) [345,1419][388,1449]
Ca [481,15][504,38]
l [559,15][565,38]
100% [587,15][648,38]
In-Play [338,1472][396,1489]
+ [476,83][505,112]
Total [449,717][498,734]
O [437,771][449,787]
132.5 [458,771][512,787]
1.95 [452,804][497,821]
U [451,854][456,872]
132.5 [457,853][511,872]
1.74 [452,887][496,906]
17 [577,92][594,104]
£4.07 [536,179][588,199]
(+) [598,180][621,200]
lirija [533,384][585,410]
(W) [594,386][630,410]
My [476,1473][501,1489]
Bets [507,1473][543,1489]
Money [569,713][636,741]
Li... [646,713][686,741]
2.30 [603,788][648,805]
1.55 [604,873][648,890]
Casino [623,1472][680,1486]
