720x1600
2153 [56,17][120,36]
ED [31,81][60,114]
2; [106,86][135,109]
bet365.com/#/HO/ [153,85][405,109]
bet365 [19,176][169,209]
Q [53,274][85,307]
Search [113,279][194,298]
UCL [39,903][82,920]
Women [89,903][170,920]
Football [220,902][305,920]
G [19,997][56,1034]
UCL [77,1002][137,1026]
Women [147,1002][259,1026]
Tue [38,1082][72,1097]
22 [78,1082][101,1097]
Sep [107,1082][141,1101]
1 [38,1152][66,1181]
Arsenal [75,1157][158,1175]
(W) [167,1156][203,1180]
”I [38,1209][66,1237]
HB [76,1214][107,1231]
K¢ge [115,1214][170,1236]
(w) [178,1212][214,1236]
20:00 [39,1265][88,1280]
1"} [38,1350][66,1380]
Juventus [75,1356][175,1373]
(W) [183,1354][219,1379]
Home [44,1473][92,1486]
All [175,1472][196,1486]
Sparts [202,1473][257,1490]
":7, [514,15][543,37]
.III [550,17][567,35]
100%. [579,16][665,36]
+ [476,83][505,112]
-3 [516,166][694,218]
 [602,992][679,993]
 [602,1038][679,1039]
Casino [355,903][428,920]
WNBA [477,903][546,920]
MLB [598,903][645,920]
RE [699,903][720,920]
‘ [580,1014][581,1017]
View [600,1005][648,1022]
All [655,1005][680,1022]
‘ [700,1014][701,1017]
1 [412,1082][419,1097]
X [524,1082][537,1097]
2 [639,1082][650,1097]
«o» [345,1419][388,1449]
(a [490,1418][529,1457]
BEE [625,1416][678,1460]
ln-Play [338,1472][396,1490]
My [476,1473][501,1490]
Bets [507,1473][543,1486]
casino [623,1472][680,1486]
