720x1600
21253 [56,17][120,36]
”$71..” [514,15][567,37]
100%. [579,16][665,36]
ED [31,81][60,114]
2; [106,86][135,109]
bet365.com/#/HO/ [153,85][405,109]
+ [476,83][505,112]
bet365 [19,176][169,209]
; [657,178][694,218]
Q [53,274][85,307]
Search [113,279][194,298]
UCL [39,903][82,920]
Women [89,903][170,920]
Football [220,902][305,920]
Casino [355,903][428,920]
WNBA [477,903][546,920]
MLB [598,903][645,920]
RE [699,903][720,920]
 [602,992][679,993]
 [602,1038][679,1039]
G [19,997][56,1034]
UCL [77,1002][137,1026]
Women [147,1002][259,1026]
1 [580,1014][581,1017]
View [600,1005][648,1022]
All [655,1005][680,1022]
1 [700,1014][701,1017]
Tue [38,1082][72,1097]
22 [78,1082][101,1097]
Sep [107,1082][141,1101]
1 [412,1082][419,1097]
X [524,1082][537,1097]
2 [639,1082][650,1097]
1 [38,1171][66,1200]
Arsenal [75,1175][158,1193]
(W) [167,1174][203,1198]
1 [320,1176][328,1193]
T [38,1227][66,1256]
HB [76,1233][107,1250]
K¢ge [115,1233][170,1255]
(w) [178,1231][214,1255]
a [319,1233][331,1250]
1m [38,1359][66,1389]
Juventus [75,1366][175,1383]
(W) [183,1364][219,1389]
1 [320,1366][328,1383]
Q [46,1418][89,1457]
Q [195,1416][237,1458]
«o» [345,1419][388,1449]
@ [490,1418][529,1457]
BEE [625,1416][678,1460]
Home [44,1473][92,1486]
All [175,1472][196,1486]
Sparts [202,1473][257,1490]
ln-Play [338,1472][396,1490]
My [476,1473][501,1490]
Bets [507,1473][543,1486]
casino [623,1472][680,1486]
III [150,1542][175,1569]
C) [349,1541][378,1570]
< [557,1541][574,1570]
