720x1600
2153 [56,17][120,36]
ED [31,81][60,114]
2; [106,86][135,109]
bet365.com/#/HO/ [153,85][405,109]
bet365 [19,176][169,209]
Q [53,274][85,307]
Search [113,279][194,298]
.1 [206,380][244,412]
Horses [196,435][255,448]
—bel365— [310,391][421,404]
ROULEHE [310,406][421,422]
6 [66,377][103,414]
Football [51,434][118,448]
UCL [39,502][82,519]
Women [89,502][170,519]
Football [220,501][305,519]
G [19,595][56,633]
UCL [77,600][137,624]
Women [147,600][259,624]
Casino [355,502][428,519]
Tue [38,681][72,696]
22 [78,681][101,696]
Sep [107,681][141,700]
1 [412,681][419,696]
1 [38,751][66,780]
Arsenal [75,755][158,773]
(W) [167,754][203,778]
1 [320,756][328,773]
T [38,807][66,836]
HB [76,813][107,830]
Kage [115,813][170,835]
(w) [178,811][214,835]
o [319,813][331,830]
90:00 [39,863][88,878]
1"} [38,949][66,979]
Juventus [75,955][175,972]
(W) [183,953][219,978]
1 [320,955][328,972]
i [38,1005][66,1035]
Benﬁca [76,1010][157,1028]
(W) [165,1009][202,1033]
2 [319,1011][332,1028]
93:01 [39,1062][85,1077]
Wed [38,1133][77,1148]
23 [84,1133][106,1148]
Sep [112,1133][147,1152]
1 [412,1133][419,1148]
1 [38,1202][66,1232]
Chelsea [76,1207][162,1225]
(W) [170,1206][207,1230]
i [38,1258][66,1288]
FK [76,1264][104,1281]
Austria [110,1263][188,1281]
Vienna [195,1263][270,1281]
III [316,1257][338,1280]
20:00 [39,1315][88,1330]
(<°>) [345,1419][388,1449]
ln-Play [338,1472][396,1490]
GI [46,1418][89,1457]
Home [44,1473][92,1486]
Q [195,1416][237,1458]
All [175,1472][196,1486]
Sports [202,1473][257,1490]
11025 [389,1260][447,1277]
":7, [514,15][543,37]
.III [550,17][567,35]
100%. [579,16][665,36]
+ [476,83][505,112]
 [512,162][698,222]
 [602,591][679,592]
 [602,637][679,638]
[3 [482,383][532,410]
ell: [628,377][666,414]
MLB [488,435][525,448]
Basketball [604,434][690,448]
WN [477,502][513,519]
BA [517,502][546,519]
MLB [598,502][645,519]
RE [699,502][720,519]
‘ [580,613][581,616]
View [600,604][648,621]
All [655,604][680,621]
‘ [700,613][701,616]
X [524,681][537,696]
2 [639,681][650,696]
To [447,731][469,746]
Score [476,731][527,746]
2nd [534,731][566,746]
Goal [573,731][613,746]
No [495,773][519,788]
Goal [527,773][566,788]
To [450,930][472,945]
Score [478,930][529,945]
4th [536,930][564,945]
Goa‘ [571,930][610,945]
No [495,971][519,986]
Goal [527,971][566,986]
X [524,1133][537,1148]
2 [639,1133][650,1148]
19.00 [502,1260][560,1277]
My [476,1473][501,1490]
Bets [507,1473][543,1486]
 [594,1256][696,1490]
