720x1600
21:53 [56,16][120,36]
”e‘TmIl [514,15][567,37]
100%I [579,16][665,36]
m [30,81][61,115]
as [106,86][135,109]
bet365.com/#/AX/ [153,84][397,109]
+ [475,82][506,113]
Q [38,175][70,208]
Search [86,178][163,207]
bet365... [172,181][267,200]
Q [574,173][598,212]
Close [632,183][682,198]
RECENT [20,276][95,291]
SEARCHES [101,276][203,291]
C‘ear [655,276][701,291]
Arsenal [38,392][125,411]
) [138,399][148,414]
ﬁr [46,1418][89,1457]
Q [195,1416][237,1458]
(<°>) [345,1419][388,1449]
@ [489,1417][530,1458]
E173 [625,1416][678,1454]
Home [43,1473][92,1486]
All [174,1472][196,1486]
Sports [202,1473][257,1490]
ln-Play [338,1472][396,1490]
My [476,1473][501,1490]
Bets [507,1473][543,1486]
casino [623,1472][680,1486]
III [150,1542][175,1569]
C) [349,1541][378,1570]
< [557,1541][574,1570]
