720x1600
2153 [56,17][120,36]
ED [31,81][60,114]
2; [106,86][135,109]
bet365.com/#/AC/Bl [153,85][427,109]
bet365 [19,176][169,209]
":7, [514,15][543,37]
.III [550,17][567,35]
100%. [579,16][665,36]
+ [476,83][505,112]
 [512,162][698,222]
6 [34,265][60,288]
England [240,268][317,289]
Premier [326,268][403,284]
League [410,268][481,289]
1‘ [113,333][163,385]
Arsenal [96,411][179,429]
Bet [156,554][187,570]
Builder [195,554][263,570]
Full [39,663][82,684]
Time [90,663][153,684]
Result [162,663][241,684]
Arsenal [91,738][173,756]
1.33 [110,776][155,793]
Score [38,858][110,878]
or [118,863][144,878]
Assist [151,857][229,878]
Player [39,934][101,956]
I [107,935][115,952]
Last [122,935][164,951]
5 [171,935][182,951]
Bukayo [95,989][174,1012]
Saka [182,989][234,1007]
1 [105,1024][110,1037]
1 [135,1024][140,1037]
o [164,1024][173,1037]
1 [195,1024][200,1037]
o [224,1024][233,1037]
Christos [95,1074][185,1092]
Tzolis [191,1074][256,1092]
o [104,1109][113,1122]
o [134,1109][143,1122]
o [164,1109][173,1122]
o [194,1109][203,1122]
o [224,1109][233,1122]
Kai [95,1158][128,1176]
Havertz [136,1159][220,1176]
1 [105,1193][110,1206]
o [134,1193][143,1206]
1 [165,1193][170,1206]
o [194,1193][203,1206]
0 [224,1193][233,1206]
Martin [95,1243][165,1261]
Odegam [173,1243][259,1266]
1 [105,1277][110,1290]
o [134,1277][143,1290]
1 [165,1277][170,1290]
o [194,1277][203,1290]
o [224,1277][233,1290]
Declan [95,1327][168,1345]
Rice [176,1327][222,1345]
0 [104,1362][113,1375]
o [134,1362][143,1375]
o [164,1362][173,1375]
o [194,1362][203,1375]
11 [224,1362][233,1375]
Gr [46,1418][89,1457]
Q [195,1416][237,1458]
Hume [43,1473][92,1486]
All [175,1472][196,1486]
Sparts [202,1473][257,1490]
10 [303,327][324,342]
Oct [331,327][361,342]
12:30 [369,327][417,342]
4» [346,362][372,383]
i [557,331][608,385]
v [354,414][366,427]
Leeds [551,411][614,429]
QuickPlayers [307,554][440,575]
Scorers [484,554][559,570]
Res [603,554][636,570]
Q [664,547][691,578]
v [660,668][683,681]
Draw [335,739][387,756]
Leeds [557,738][619,756]
500 [339,776][383,793]
8.00 [565,776][610,793]
v [660,863][683,875]
Score [331,935][389,951]
Assist [465,934][528,951]
Score [591,921][649,951]
or [655,925][675,937]
ASSIst [601,949][664,965]
262 [338,1005][383,1022]
3.50 [474,1005][519,1022]
1‘72 [612,1005][656,1022]
275 [338,1089][383,1106]
3.50 [474,1089][519,1106]
1‘80 [612,1089][656,1106]
230 [338,1174][383,1191]
5.00 [475,1174][519,1191]
1‘80 [612,1174][656,1191]
375 [338,1258][383,1275]
4.33 [474,1258][519,1275]
2‘20 [611,1258][656,1275]
550 [339,1343][383,1360]
4.50 [474,1343][519,1360]
275 [611,1343][656,1360]
(<o>) [345,1419][388,1449]
@ [490,1418][529,1457]
E13 [625,1416][678,1460]
My [476,1473][501,1490]
Bets [507,1473][543,1486]
ln-Play [338,1472][396,1490]
casino [623,1472][680,1486]
O [349,1541][378,1570]
< [557,1541][574,1570]
