xX [479,588][489,598] 59
Over [499,588][533,599] 96
2.0 [538,588][560,599] 95
1.900 [866,588][902,599] 96
Goal [499,608][525,618] 96
Line [530,608][554,618] 96
Northern [499,626][546,635] 96
Ireland [551,626][585,635] 80
Hungary [600,626][644,638] 96
v [590,629][595,635] 92
eas” [485,671][543,695] 48
Platinum [555,674][600,682] 91
£60,649.68 [606,674][662,683] 91
£0.50 [829,682][854,689] 95
Last [555,691][572,698] 96
00:02:36 [600,691][637,698] 96
won: [575,693][596,698] 96
~ [483,697][487,698] 56
® [480,700][490,707] 51
Place [769,741][808,757] 96
Bet [816,741][841,757] 95
Stake [510,742][554,755] 95
Set [479,743][504,755] 96