Over [499,588][533,599] 96
2.0 [538,588][560,599] 96
1.900 [866,588][902,599] 96
Goal [499,608][525,618] 96
Line [530,608][554,618] 96
Northern [499,626][546,635] 96
Ireland [551,626][585,635] 80
Hungary [600,626][644,638] 96
v [590,629][595,635] 92
sy [485,674][492,685] 45
Bronze [555,674][590,682] 96
£5.67 [596,674][623,682] 96
£0.50 [829,682][854,689] 96
Last [555,691][572,698] 96
14:50:50 [600,691][636,698] 96
won: [575,693][593,698] 96
@® [480,697][490,707] 38
Remember [630,732][682,740] 95
Stake [477,733][503,741] 96
Place [769,735][809,747] 96
Bet [815,736][841,747] 96
® [644,748][658,762] 37
£0.10 [478,750][526,763] 96
To [763,756][775,764] 95
Return [779,756][813,764] 95
£0.19 [817,756][844,764] 96