720x1600
22207 [56,17][121,36]
O [165,16][186,37]
a“ [514,15][539,33]
..II [550,17][567,35]
100%. [579,16][665,36]
Q [31,81][60,114]
©127.0.0.1:62469/text. [102,79][426,116]
+ [476,83][505,112]
 [0,0][720,156]
Neutral [57,213][218,252]
text [235,218][321,252]
entry [339,218][452,263]
Enter [56,314][147,343]
a [161,321][178,343]
value [192,312][286,343]
IHHIHHHIIIIIIIIIIIIIII [53,395][665,521]
FOCUSED [56,566][230,595]
© [63,1289][94,1320]
6’ [222,1289][253,1320]
E] [382,1289][409,1320]
@ [539,1289][569,1321]
1234567890 [39,1381][683,1408]
 [0,1260][720,1600]
