Xx [479,588][489,598] 48
Over [499,588][533,599] 96
2.5 [538,588][559,599] 95
1.61 [875,588][901,599] 96
Total [498,608][527,618] 96
Goals [532,608][565,618] 96
Turkiye [498,626][536,638] 53
Italy [550,626][570,638] 79
v [540,629][542,635] 93
Gold [554,674][578,682] 93
£6,426.28 [584,674][633,683] 91
£0.50 [829,682][854,689] 96
Last [555,691][571,698] 96
16:52 [612,691][633,698] 96
won [584,693][593,698] 96
Stake [477,733][503,741] 95
Place [769,735][809,747] 96
Bet [815,736][841,747] 96
£0.10 [478,750][525,763] 96
To [763,756][775,764] 96
Return [779,756][812,764] 95
£0.16 [817,756][844,764] 96