720x1600
11:42 [55,15][115,35]
O [127,15][146,35]
G [30,82][59,114]
bet365 [19,176][169,208]
o [107,85][134,109]
bet365.com/#/AC/B1 [153,85][427,109]
+ [476,83][505,112]
Popular [35,411][112,436]
Full [39,524][81,545]
Time [90,524][153,545]
Result [163,524][241,545]
Eskilsminne [56,600][184,618]
IF [193,600][208,618]
2.35 [110,637][155,654]
Eskilsminne [114,325][275,347]
IF [285,325][308,347]
v [316,325][330,347]
Ariana [338,325][425,347]
FC [436,325][469,347]
Malmo [479,325][570,347]
v [585,325][606,347]
Sweden [162,268][239,288]
1.div [248,268][293,288]
Södra [300,268][356,288]
• [364,268][369,288]
27 [377,268][400,288]
Sep [408,268][444,288]
12:00 [452,268][505,288]
Double [39,719][125,740]
Chance [134,719][227,740]
2.5 [88,974][120,991]
Goals [39,825][108,848]
Over/Under [118,825][261,848]
Home [44,1473][92,1486]
Bet [155,413][186,430]
Builder [194,413][262,432]
Result [307,415][367,431]
Corners [410,415][485,431]
0.5 [89,1221][120,1238]
1.5 [89,1305][120,1322]
Alternative [38,1073][175,1094]
Total [183,1073][244,1094]
Goals [253,1073][323,1094]
All [185,1470][204,1490]
Sports [202,1470][256,1490]
Draw [334,597][385,618]
3.70 [338,637][382,654]
Over [295,901][338,918]
1.50 [296,974][340,991]
Over [295,1151][340,1167]
Ca [481,15][504,38]
l [559,15][565,38]
100% [586,15][647,38]
1.002 [290,1221][348,1238]
1.14 [296,1303][338,1322]
(o) [345,1419][388,1449]
In-Play [338,1472][396,1489]
17 [577,92][594,104]
£--,- [546,176][582,203]
Goals [529,415][584,431]
My [476,1473][501,1489]
Bets [507,1473][543,1489]
BB [583,527][606,542]
Ariana [495,600][563,618]
FC [572,600][599,618]
Malmo [608,600][680,618]
2.40 [566,637][610,654]
BB [583,721][606,736]
BB [583,828][605,843]
Under [544,902][603,919]
2.50 [551,974][596,991]
BB [583,1076][606,1091]
Under [544,1150][603,1167]
19.00 [545,1221][603,1238]
5.00 [552,1305][596,1322]
161 [552,1389][592,1398]
Casino [623,1472][680,1486]
