720x1600
14:44 [55,13][120,37]
B [141,14][148,37]
o [107,85][134,109]
bet365.com/#/AC/B1 [153,85][429,109]
Popular [36,329][111,351]
Bet [156,330][187,346]
Builder [195,330][263,346]
Result [307,330][367,346]
Goals [409,330][464,346]
Full [39,440][81,461]
Time [90,440][153,461]
Result [163,440][241,461]
Pionier [56,515][130,533]
Bransk [138,515][210,533]
Pionier [61,237][155,266]
Bransk [165,237][257,266]
v [280,237][288,266]
Ruch [289,237][354,266]
Wysokie [364,237][476,266]
Mazowieckie [486,237][660,266]
2.25 [110,585][155,602]
Poland [215,183][282,204]
IV [291,183][309,204]
Liga [317,183][356,204]
• [364,183][369,204]
27 [377,183][401,204]
Sep [408,183][444,204]
15:00 [452,183][505,204]
Double [39,666][125,687]
Chance [134,666][227,687]
Goals [39,773][108,796]
Over/Under [118,773][260,796]
2.5 [88,919][119,937]
Correct [39,1021][131,1041]
Score [140,1021][211,1041]
Pionier [116,1110][186,1129]
Bransk [193,1111][262,1130]
Others [38,1388][107,1410]
on [116,1389][140,1411]
Request [149,1389][235,1412]
> [247,1391][251,1412]
Draw [335,516][387,533]
4.33 [336,585][381,601]
Over [295,851][340,867]
1.36 [295,918][339,938]
Co [481,15][506,39]
R.ll [528,15][574,39]
100% [584,15][649,39]
26.00 [331,1300][388,1317]
+ [476,83][505,112]
Half [39,1488][90,1509]
Time [97,1488][160,1509]
Correct [169,1488][261,1509]
Score [270,1488][341,1509]
Half [507,329][544,346]
18 [577,92][594,104]
Asian [587,329][641,345]
Lines [650,329][701,346]
Ruch [513,512][564,536]
Wysokie [573,513][662,538]
Mazowieckie [519,547][658,565]
0 [521,1182][539,1208]
2.25 [565,585][611,602]
Under [544,850][603,867]
3.00 [551,921][596,938]
Main [495,1023][538,1038]
All [574,1023][597,1038]
Ruch [392,1113][441,1134]
Wysokie [448,1113][532,1134]
Mazowieckie [540,1113][670,1134]
Main [495,1490][538,1505]
AlI [574,1490][597,1505]
