720x1600
10:25 [56,14][117,37]
o [107,85][134,109]
bet365.com/#/AC/B1 [153,85][427,109]
bet365 [19,176][169,208]
Popular [35,411][112,436]
Full [50,522][92,549]
Time [90,522][153,549]
Result [163,522][241,549]
Vihiga [58,321][142,353]
Queens [151,321][251,353]
FC [262,321][295,353]
(W) [305,321][350,353]
v [359,321][374,353]
Ulinzi [383,321][455,353]
Starlets [466,321][569,353]
(W) [579,321][624,353]
v [655,321][664,353]
Vihiga [55,600][121,623]
Queens [130,600][209,623]
FC [96,627][123,651]
(W) [131,629][166,653]
3.50 [110,669][155,686]
Kenya [176,268][234,289]
League [243,268][313,289]
Women [321,268][395,289]
27 [417,268][439,289]
Sep [447,268][483,289]
11:00 [491,268][544,289]
Double [39,750][125,771]
Chance [134,750][227,771]
2.5 [88,1006][120,1023]
Home [44,1473][92,1486]
Goals [39,857][108,879]
Over/Under [118,857][261,879]
Bet [155,413][186,431]
Builder [194,413][262,431]
Result [307,415][367,431]
Goals [409,415][464,431]
Half [507,414][545,431]
Asiat [587,412][635,434]
A [663,412][688,434]
Correct [39,1104][129,1126]
Score [139,1103][209,1125]
Vihiga [79,1198][142,1220]
Queens [150,1198][225,1220]
FC [232,1198][257,1220]
(W) [265,1198][298,1220]
All [185,1470][204,1490]
Sports [202,1470][256,1490]
Draw [334,597][385,618]
3.40 [338,669][383,686]
Over [295,933][337,950]
2.00 [295,1006][340,1023]
Ca [481,15][504,38]
l [559,15][565,38]
100% [586,15][647,38]
+ [476,83][505,112]
(o) [345,1419][388,1449]
In-Play [338,1472][396,1489]
£4.07 [537,181][589,201]
(+) [599,181][623,201]
14 [577,92][594,104]
Main [401,1107][444,1122]
All [480,1107][503,1122]
BB [583,527][606,542]
Ulinzi [515,600][571,618]
Starlets [580,600][661,618]
My [476,1473][501,1489]
Bets [507,1473][543,1489]
(w) [570,630][606,654]
1.85 [566,669][611,686]
BB [583,753][606,768]
BB [583,860][605,875]
Under [544,934][603,951]
1.80 [552,1006][596,1023]
BB [583,1108][606,1123]
Ulinzi [441,1198][495,1220]
Starlets [502,1198][580,1220]
(W) [587,1198][620,1220]
+ [604,1270][627,1293]
Casino [623,1472][680,1486]
