720x1600
12:43 [56,17][120,36]
o [107,85][134,109]
bet365.com/#/AC/B1 [153,85][427,109]
bet365 [19,176][169,208]
Ossese [94,601][172,618]
Full [50,522][92,549]
Time [90,522][153,549]
Result [163,522][241,549]
3.60 [110,637][155,654]
Popular [35,411][112,435]
Bet [156,415][188,431]
Builder [195,415][263,431]
Result [307,415][367,431]
Goals [409,415][464,431]
Half [507,414][545,431]
Double [39,719][125,740]
Chance [134,719][227,740]
2.5 [88,974][120,991]
Goals [39,825][108,847]
Over/Under [118,825][261,847]
Correct [39,1074][131,1094]
Score [140,1074][211,1094]
Ossesev [223,326][343,347]
Sarnese [352,326][460,347]
v [475,326][496,347]
Home [62,1473][111,1486]
Italy [228,268][268,288]
Serie [275,268][323,288]
D [332,268][343,288]
27 [365,268][388,288]
Sep [395,268][431,288]
14:00 [440,268][492,288]
Ossese [152,1166][225,1183]
Draw [335,599][385,618]
3.30 [338,637][383,654]
Over [295,901][337,918]
All [237,1470][257,1488]
Sports [257,1469][311,1488]
2.00 [295,974][340,991]
Ca [481,15][505,39]
ll [557,15][572,39]
100%0 [579,15][665,39]
+ [475,82][506,113]
8.50 [337,1351][380,1370]
(o) [437,1419][478,1449]
In-Play [430,1472][488,1490]
£4.07 [537,180][589,201]
() [599,180][623,201]
Main [495,1075][538,1090]
18 [577,92][594,104]
Asiat [587,411][635,433]
A [663,411][689,433]
Sarnese [544,600][630,618]
1.85 [566,637][611,654]
Under [544,902][603,919]
Sarnese [490,1166][570,1184]
1.80 [552,974][596,991]
All [583,1073][605,1092]
+ [604,1238][627,1261]
V [660,530][683,541]
Casino [605,1472][662,1486]
