720x1600
12:43 [56,17][120,36]
o [107,85][134,109]
bet365.com/#/AC/B1 [153,85][427,109]
bet365 [19,176][169,208]
Popular [35,411][112,436]
Full [39,524][81,545]
Time [90,524][153,545]
Result [163,524][241,545]
Ossese [93,600][170,619]
3.60 [110,637][155,654]
Double [39,719][125,740]
Chance [134,719][227,740]
2.5 [88,974][120,991]
Goals [39,825][108,847]
Over/Under [118,825][261,847]
Correct [39,1074][131,1094]
Score [140,1074][211,1094]
X [21,1180][41,1201]
Ossese [58,1180][148,1203]
Home [44,1473][92,1486]
Bet [156,415][188,431]
Builder [195,415][262,431]
Result [307,415][367,431]
Goals [409,415][464,431]
Half [507,414][545,431]
Italy [228,268][268,288]
Serie [275,268][323,288]
D [332,268][343,288]
27 [365,268][388,288]
Sep [395,268][431,288]
14:00 [440,268][492,288]
Ossese [223,326][320,347]
v [329,326][343,347]
Sarnese [352,326][460,347]
v [475,326][496,347]
Full [59,1219][96,1237]
Time [103,1219][158,1237]
Result [166,1219][233,1237]
Set [20,1337][66,1361]
Stake [76,1337][156,1361]
Ossesev [58,1253][147,1269]
Sarnese [154,1253][234,1269]
All [185,1470][204,1490]
Sports [202,1470][256,1490]
Draw [335,599][385,617]
3.30 [338,637][383,654]
Over [295,901][338,919]
Ca [481,15][505,39]
ll [557,15][572,39]
100%0 [579,15][665,39]
2.00 [295,974][340,991]
+ [475,82][506,113]
(o) [345,1419][388,1449]
In-Play [338,1472][396,1489]
Main [401,1075][444,1090]
AlI [480,1075][503,1090]
£4.07 [537,180][589,201]
() [599,180][623,201]
18 [577,92][594,104]
My [476,1473][501,1489]
Bets [507,1473][543,1489]
Asiat [587,410][635,433]
A [663,412][687,434]
BB [583,527][606,542]
Sarnese [544,600][630,618]
1.85 [566,637][611,654]
BB [583,721][606,736]
BB [583,829][605,843]
Under [544,902][603,919]
1.80 [552,974][596,991]
BB [583,1076][606,1091]
Place [477,1338][550,1360]
Bet [560,1338][604,1360]
3.60 [639,1181][693,1201]
Casino [623,1472][680,1486]
