720x1600
12:43 [56,14][118,36]
bet365 [19,176][169,208]
o [107,85][134,109]
bet365.com/#/AC/B1 [153,85][427,109]
+ [476,83][505,112]
Popular [35,412][112,436]
X [21,515][42,536]
Ossese [58,515][150,536]
£0.00 [20,657][110,689]
Full [59,553][95,571]
Time [103,553][158,571]
Result [166,553][233,571]
Ossesev [70,586][159,606]
Sarnese [154,586][234,606]
365) [51,788][114,809]
+£1 [92,890][143,914]
SACKPO [32,767][142,789]
Platinum [164,767][244,789]
£63,070.01 [256,767][357,789]
Home [44,1473][92,1486]
1 [112,983][124,1011]
Italy [228,268][268,288]
Serie [275,268][323,288]
D [332,268][343,288]
27 [364,268][388,288]
Sep [395,268][431,288]
14:00 [440,268][492,288]
4 [110,1067][122,1095]
Ossese [223,326][320,347]
v [329,326][343,347]
Sarnese [352,326][460,347]
v [475,326][495,347]
Bet [156,413][185,431]
Builder [194,413][259,431]
Result [307,415][366,431]
Goals [409,415][464,431]
7 [109,1151][130,1180]
Last [164,803][198,816]
won: [203,803][242,816]
00:22:50 [249,803][321,816]
Remember [56,1341][172,1359]
Stake [179,1341][238,1359]
All [185,1470][204,1490]
Sports [202,1470][256,1490]
+£5 [332,890][388,914]
2 [350,983][370,1012]
5 [348,1067][370,1095]
8 [350,1150][371,1178]
Ca [481,15][504,38]
l [559,15][565,38]
100% [586,15][647,38]
0 [360,1237][368,1264]
(o) [345,1419][388,1449]
In-Play [338,1472][396,1490]
£4.07 [536,180][587,198]
18 [577,92][594,104]
Half [507,414][546,431]
Asiar [588,415][636,431]
Place [478,672][550,694]
Bet [560,672][604,694]
My [476,1473][501,1489]
Bets [507,1473][543,1489]
£0.50 [555,786][602,799]
Done [514,1342][567,1359]
+£20 [562,887][635,915]
3 [589,982][609,1010]
6 [590,1067][611,1094]
3.60 [639,515][692,535]
Casino [623,1472][680,1486]
