720x1600
12:43 [56,14][118,36]
bet365 [19,176][169,208]
Popular [35,412][112,436]
o [107,85][134,109]
bet365.com/#/AC/B1 [153,85][427,109]
+ [476,83][505,112]
X [21,515][42,536]
Ossese [58,515][150,536]
Stake [20,654][69,669]
Full [58,552][95,571]
Time [102,552][157,571]
Result [165,552][232,572]
£0.10 [32,678][112,717]
Ossese [59,587][131,603]
v [137,587][147,603]
Sarnese [155,587][234,603]
365) [51,788][114,809]
+£1 [92,890][143,914]
YACKPO7 [32,767][143,788]
Platinum [164,767][244,788]
£63,085.44 [256,767][360,788]
Home [44,1473][92,1486]
1 [112,983][124,1011]
Italy [228,268][268,288]
Serie [275,268][323,288]
D [332,268][343,288]
27 [364,268][388,288]
Sep [395,268][431,288]
14:00 [440,268][492,288]
4 [111,1068][122,1095]
Ossese [223,326][320,347]
v [329,326][343,347]
Sarnese [352,326][460,347]
v [475,326][495,347]
Bet [156,413][185,431]
Builder [194,413][259,431]
Result [307,415][366,431]
Goals [409,415][464,431]
7 [109,1151][129,1180]
Last [164,803][198,816]
won: [203,803][242,816]
00:22:50 [249,803][321,816]
Remember [56,1339][170,1360]
Stake [178,1339][236,1358]
All [185,1470][204,1490]
Sports [202,1470][256,1490]
+£5 [332,890][388,914]
2 [349,982][370,1012]
5 [350,1069][371,1093]
8 [349,1151][369,1176]
Ca [481,15][504,38]
l [559,15][565,38]
100% [586,15][647,38]
0 [350,1237][366,1264]
(o) [345,1419][388,1449]
In-Play [338,1472][396,1490]
£4.07 [536,180][587,198]
Half [507,414][546,431]
18 [577,92][594,104]
Place [477,658][550,680]
Bet [560,658][604,680]
Asiar [588,415][636,431]
To [464,696][486,711]
Return [493,696][552,711]
£0.36 [560,696][612,711]
My [476,1473][501,1489]
Bets [507,1473][543,1489]
Done [514,1342][567,1359]
£0.50 [555,786][602,799]
+£20 [562,887][635,915]
6 [590,1067][609,1092]
3.60 [639,515][693,535]
Casino [623,1472][680,1486]
