720x1600
12:43 [56,17][120,36]
bet365 [19,176][169,208]
o [107,85][134,109]
bet365.com/#/AC/B1 [153,85][427,109]
Popular [35,411][112,436]
Full [39,524][81,545]
Time [90,524][153,545]
Result [163,524][241,545]
Ossese [93,600][170,619]
3.60 [110,637][155,654]
Double [39,719][125,740]
Chance [134,719][227,740]
Ossese [58,982][150,1002]
Stake [20,1122][70,1137]
Goals [39,825][108,848]
Over/Under [118,825][261,848]
£0.10 [20,1153][108,1178]
Home [44,1473][92,1486]
Full [59,1021][95,1039]
Time [103,1021][158,1039]
Result [166,1021][233,1039]
Ossesev [58,1054][147,1070]
Sarnese [154,1054][234,1070]
+£1 [92,1227][143,1251]
Italy [228,268][268,288]
Serie [275,268][323,288]
D [332,268][343,288]
27 [365,268][388,288]
Sep [395,268][431,288]
14:00 [440,268][492,288]
Ossese [223,326][320,347]
v [329,326][343,347]
Sarnese [352,326][460,347]
v [475,326][496,347]
Bet [156,415][188,431]
Builder [195,415][262,431]
Result [307,415][367,431]
Goals [409,415][464,431]
Half [507,414][545,431]
1 [112,1319][124,1347]
All [185,1470][204,1490]
Sports [202,1470][256,1490]
Draw [335,599][385,617]
3.30 [338,637][383,654]
Over [295,903][341,919]
+£5 [332,1227][387,1251]
Ca [481,15][505,39]
ll [557,15][572,39]
100%0 [579,15][665,39]
2 [349,1318][371,1348]
+ [475,82][506,113]
(o) [345,1419][388,1449]
In-Play [338,1472][396,1490]
£4.07 [537,180][589,201]
() [599,180][623,201]
18 [577,92][594,104]
Asiat [587,410][635,433]
A [663,412][687,434]
My [476,1473][501,1489]
Bets [507,1473][543,1489]
BB [583,527][606,542]
Sarnese [544,600][630,618]
1.85 [566,637][611,654]
BB [583,721][606,736]
BB [583,828][605,843]
Under [544,902][603,919]
Place [477,1126][550,1148]
Bet [560,1126][604,1148]
To [463,1162][487,1179]
Return [492,1162][551,1179]
£0.36 [559,1162][611,1180]
+£20 [562,1227][637,1251]
3 [590,1318][610,1346]
3.60 [638,980][691,1001]
Casino [623,1472][680,1486]
