Sweden [499,588][555,599] 95
1.90 [874,588][903,599] 96
Full [499,608][519,618] 95
Time [524,608][554,618] 95
Result [558,608][595,618] 95
v [540,625][545,638] 92
Sweden [499,626][539,635] 93
Poland [553,626][587,635] 96
sy [485,674][492,685] 45
Platinum [555,674][600,682] 90
£62,600.88 [606,674][662,683] 88
£0.50 [829,682][854,689] 96
Last [555,691][572,698] 96
00:02:36 [600,691][637,698] 96
won: [575,693][593,698] 96
@® [480,697][490,707] 53
Remember [630,732][682,740] 95
Stake [477,733][503,741] 96
Accept [755,734][790,744] 95
Change [793,734][832,744] 95
and [835,734][854,742] 96
® [644,748][658,762] 37
Place [769,749][809,761] 96
£0.1 [478,750][513,763] 91
Bet [815,750][841,761] 95