France [499,588][546,599] 96
1.83 [875,588][902,599] 96
Full [499,608][519,618] 96
Time [524,608][554,618] 95
Result [559,608][595,618] 96
Belgium [499,626][540,638] 89
France [555,626][588,635] 96
v [545,629][550,635] 89
sy [485,674][492,685] 45
Gold [554,674][578,682] 93
£5,451.49 [584,674][633,683] 92
£0.50 [829,682][854,689] 96
Last [555,691][572,698] 96
13:16:52 [600,691][634,698] 94
won: [575,693][593,698] 95
@® [480,697][490,707] 38
Remember [630,732][682,740] 95
Stake [477,733][503,741] 96
Place [769,735][809,747] 96
Bet [815,736][841,747] 96
® [644,748][658,762] 37
£0.1 [478,750][513,763] 91
To [763,756][775,764] 95
Return [779,756][813,764] 95
£0.18 [817,756][844,764] 96