All [513,31][529,41] 96
Sports [534,31][573,44] 96
In-Play [629,31][671,44] 91
My [725,25][739,46] 95
Bets [746,31][775,44] 96
Casino [830,31][871,41] 95
Q [1220,26][1237,43] 93
£4.90 [1273,32][1299,40] 90
@) [1304,28][1318,42] 91
@ [1345,27][1355,38] 61
bet365 [20,24][120,46] 91
= [1340,39][1360,49] 27
All [513,31][529,41] 96
Sports [534,31][573,44] 96
In-Play [629,31][671,44] 91
My [725,25][739,46] 96
Bets [746,31][775,44] 96
Casino [830,31][871,41] 96
Q [1220,26][1237,43] 93
£4.90 [1273,32][1299,40] 92
@) [1304,28][1318,42] 91
@ [1345,27][1355,38] 48
bet365 [20,24][120,46] 91
= [1340,39][1360,49] 88