720x1600
19:30 [56,17][121,36]
®® [165,14][219,39]
- [235,22][243,30]
”a.” [514,15][567,37]
100%- [579,16][665,36]
ED [31,81][60,114]
A192.168.4.108:8767/ni [105,84][427,110]
+ [476,83][505,112]
 [0,0][720,156]
FIXTURES [41,197][250,230]
Code [63,292][142,318]
4192 [153,293][231,318]
League [64,344][176,376]
Academy [187,343][334,376]
Time [62,395][140,420]
15:00 [153,395][237,420]
Home [64,447][156,472]
River [169,447][244,472]
Town [253,447][336,472]
Away [62,498][146,530]
Maple [158,497][252,530]
City [264,498][322,530]
Code [63,603][142,629]
4193 [153,604][230,629]
League [64,655][176,687]
Junior [187,655][285,680]
Time [62,707][140,732]
15:00 [153,707][237,732]
Home [64,758][156,783]
River [169,758][244,783]
Youth [254,757][342,783]
Away [62,809][146,841]
Maple [158,808][252,841]
City [264,809][322,841]
Code [63,914][142,940]
4194 [153,915][232,940]
League [64,967][176,999]
Academy [187,966][334,999]
Time [62,1018][140,1043]
15:00 [153,1018][237,1043]
Home [64,1069][156,1094]
Harbor [169,1068][274,1094]
Town [284,1069][367,1094]
Away [62,1121][146,1153]
Meadow [158,1120][291,1146]
City [303,1121][360,1153]
