720x1600
19:31 [56,17][115,36]
®® [160,14][214,39]
- [230,22][238,30]
”arm” [514,15][567,37]
100%- [579,16][665,36]
ED [31,81][60,114]
A192.168.4.108:8767/m [105,84][427,110]
+ [476,83][505,112]
 [0,0][720,156]
EVENT [41,197][181,230]
Code [40,267][118,293]
6271 [131,268][201,293]
League [41,327][152,359]
Academy [163,326][310,359]
Time [38,386][116,411]
20:00 [128,386][213,411]
Home [41,445][132,470]
Meadow [145,444][278,470]
Town [288,445][371,470]
Away [38,504][122,536]
Elm [135,503][189,529]
City [203,504][260,536]
MARKETS [66,604][240,632]
