720x1600
12:43 [56,17][120,36]
2o [107,85][134,109]
bet365.com/#/AC/B1 [153,85][428,109]
Popular [35,327][111,350]
Bet [156,330][187,346]
Builder [195,330][262,346]
Result [307,330][367,346]
Goals [409,330][464,346]
Ossese [93,515][171,533]
Full [39,440][81,461]
Time [90,440][153,461]
Result [163,440][241,461]
3.60 [110,553][155,570]
Double [39,634][125,655]
Chance [134,634][227,655]
2.5 [88,887][118,905]
Goals [39,741][108,764]
Over/Under [118,741][260,764]
Correct [39,990][131,1010]
Score [140,990][211,1010]
Ossese [153,1082][226,1098]
Italy [228,183][268,202]
Serie [275,183][323,202]
D [332,183][343,202]
27 [365,183][388,202]
Sep [395,183][431,202]
14:00 [440,183][492,202]
Ossese [241,241][339,262]
v [347,241][362,262]
Sarnese [371,241][478,262]
0 [179,1148][198,1175]
Others [38,1356][107,1378]
on [116,1357][140,1379]
Request [149,1357][235,1379]
> [247,1359][252,1380]
Draw [335,516][387,533]
3.30 [337,551][382,570]
Over [295,819][340,835]
2.00 [295,889][340,906]
8.50 [338,1269][382,1286]
Co [481,15][506,39]
R.ll [527,15][573,39]
100% [582,15][647,39]
+ [476,83][505,112]
Half [39,1456][90,1477]
Time [97,1456][160,1477]
Correct [169,1456][261,1477]
Score [270,1456][341,1477]
Half [507,329][544,346]
Main [495,991][538,1006]
Main [495,1459][538,1474]
18 [577,92][594,104]
Asian [588,330][642,346]
Lines [651,330][702,346]
Sarnese [545,516][631,533]
1.85 [566,553][611,570]
Sarnese [490,1082][571,1098]
Under [544,818][603,835]
1.80 [552,889][596,906]
All [574,991][597,1006]
+ [605,1153][626,1176]
All [583,1457][605,1476]
