720x1600
12:43 [56,17][120,36]
o [107,85][134,109]
bet365.com/#/AC/B1 [153,85][427,109]
bet365 [19,176][169,208]
Popular [35,412][112,435]
Bet [156,415][188,431]
Builder [195,415][263,431]
Result [307,415][367,431]
Goals [409,415][464,431]
Full [39,524][81,545]
Time [90,524][153,545]
Result [163,524][241,545]
Ossese [94,601][172,618]
3.60 [110,637][155,654]
Double [39,719][125,740]
Chance [134,719][227,740]
Home [44,1473][92,1486]
2.5 [88,974][120,991]
Goals [39,825][108,847]
Over/Under [118,825][261,847]
Correct [39,1074][131,1094]
Score [140,1074][211,1094]
Italy [228,268][268,289]
Serie [275,268][323,289]
D [332,268][343,289]
• [352,268][356,289]
27 [364,268][388,289]
Sep [395,268][431,289]
14:00 [440,268][492,289]
Ossese [241,326][339,347]
v [347,326][362,347]
Sarnese [371,326][478,347]
Ossese [152,1166][225,1183]
All [185,1470][204,1490]
Sports [202,1470][256,1490]
Draw [335,599][385,618]
3.30 [338,637][383,654]
Over [295,901][337,918]
2.00 [295,974][340,991]
8.50 [337,1351][380,1370]
(o) [345,1419][388,1449]
Ca [481,15][505,39]
ll [557,15][572,39]
100%0 [579,15][665,39]
+ [475,82][506,113]
In-Play [338,1472][396,1490]
£4.07 [537,180][589,201]
() [599,180][623,201]
Half [507,414][546,431]
Main [495,1075][538,1090]
18 [577,92][594,104]
My [476,1473][501,1489]
Bets [507,1473][543,1489]
Asian [588,415][642,431]
Lines [651,415][701,431]
Sarnese [544,600][630,617]
1.85 [566,637][611,654]
Sarnese [490,1166][570,1184]
Under [544,902][603,919]
1.80 [552,974][596,991]
All [583,1073][605,1092]
+ [604,1238][627,1261]
V [660,530][683,542]
Casino [623,1472][680,1486]
