720x1600
12:43 [56,17][120,36]
G [30,82][59,114]
bet365 [14,174][171,212]
o [107,85][134,109]
bet365.com/#/AC/B1 [153,85][429,109]
1st [40,285][77,306]
Half [86,285][137,306]
Goal [145,285][200,306]
Line [210,285][261,306]
Settings [19,1041][114,1067]
Language [21,1138][122,1162]
y [135,1138][146,1160]
Audio [19,1238][86,1260]
Horse [20,1334][82,1357]
Racing [91,1335][162,1358]
Home [44,1473][92,1486]
All [185,1470][204,1490]
Sports [202,1470][256,1490]
Ca [481,15][505,39]
ll [557,15][572,39]
100%0 [579,15][665,39]
Information [182,908][286,927]
and [294,908][325,927]
transmission [332,908][450,927]
delays [457,908][514,927]
v [525,908][540,927]
+ [476,83][505,112]
Odds [371,1135][422,1162]
Display [432,1135][509,1162]
(o) [345,1419][388,1449]
Greyhounds [362,1336][488,1359]
In-Play [338,1472][396,1489]
£4.07 [537,181][589,202]
+ [599,181][615,202]
18 [577,92][594,104]
My [476,1473][501,1489]
Bets [507,1473][543,1489]
Casino [623,1472][680,1486]
