720x1600
12:43 [56,17][120,36]
bet365 [19,176][169,208]
1st [40,296][77,317]
Half [86,296][137,317]
Goal [145,296][200,317]
Line [210,296][261,317]
o [107,85][134,109]
bet365.com/#/AC/B1 [153,85][429,109]
+ [475,82][506,113]
Settings [19,1051][116,1078]
Language [21,1151][124,1173]
v [136,1151][148,1173]
Audio [19,1251][86,1270]
Horse [20,1345][82,1367]
Racing [91,1346][161,1368]
Home [44,1473][92,1486]
All [175,1472][196,1490]
Sports [202,1472][256,1490]
Ca [481,15][505,39]
ll [557,15][572,39]
100%0 [579,15][665,39]
Information [182,920][286,938]
and [294,920][325,938]
transmission [332,920][450,938]
delays [457,920][514,938]
v [525,920][540,938]
Odds [370,1147][421,1174]
Display [435,1147][508,1174]
Greyhounds [361,1347][488,1370]
(o) [345,1419][388,1449]
In-Play [338,1472][396,1489]
£4.07 [537,183][588,198]
18 [577,92][594,104]
My [476,1473][501,1489]
Bets [507,1473][543,1489]
Casino [623,1472][680,1486]
