720x1600
14:01 [56,14][115,36]
G [30,82][59,114]
bet365 [19,176][169,208]
o [107,85][134,109]
bet365.com/#/AC/B1 [153,85][427,109]
Popular [35,411][112,436]
Game [39,523][108,546]
Lines [119,522][183,545]
Seoul [38,668][95,691]
Knights [105,669][184,692]
Wonju [37,755][103,778]
Promy [111,756][180,779]
1st [40,856][77,877]
Half [86,856][137,877]
Seoul [38,1003][96,1025]
Knights [106,1003][185,1025]
Seoul [136,322][210,355]
Knights [221,322][321,355]
vs [330,322][359,355]
Wonju [368,322][450,355]
Promy [461,322][547,355]
v [576,322][585,355]
Wonju [37,1086][103,1108]
Promy [112,1087][179,1109]
G [38,1458][94,1474]
Bet [155,415][185,430]
Builder [193,414][262,430]
Game [305,415][362,431]
Team [404,415][458,431]
Quarter [501,415][574,433]
1st [40,1189][77,1212]
Quarter [86,1189][180,1212]
Home [44,1473][92,1486]
Seoul [38,1335][96,1357]
Knights [106,1335][185,1357]
Club [213,265][256,288]
Friendlies [264,265][358,288]
26 [379,265][402,288]
Sep [416,265][448,288]
06:00 [462,265][509,288]
All [185,1470][204,1490]
Sports [202,1470][256,1490]
Spread [287,601][356,623]
+7.5 [301,655][343,671]
1.83 [301,688][345,705]
-7.5 [304,740][340,756]
1.83 [301,773][344,790]
Spread [287,933][356,955]
+3.5 [301,987][343,1003]
1.86 [301,1020][344,1037]
-3.5 [304,1072][340,1088]
1.80 [301,1105][344,1122]
Spread [287,1265][356,1287]
+1.5 [301,1319][343,1335]
Ca [481,14][506,38]
al [523,14][571,38]
100% [584,14][649,38]
1.83 [300,1350][344,1369]
+ [476,83][505,112]
(o) [345,1419][388,1449]
In-Play [338,1472][396,1489]
Total [449,601][498,618]
O [437,655][449,671]
168.5 [458,655][512,671]
1.80 [452,688][494,705]
U [451,737][457,759]
168.5 [458,737][511,759]
1.86 [452,773][496,790]
Total [449,933][498,950]
O [443,987][456,1003]
84.5 [464,987][505,1003]
1.86 [452,1020][496,1037]
U [460,1068][465,1089]
84.5 [470,1067][508,1088]
1.80 [452,1105][496,1122]
Total [449,1265][497,1282]
O [443,1319][456,1335]
42.5 [463,1319][505,1335]
£3.69 [537,183][588,198]
1.86 [451,1350][496,1368]
6 [581,90][591,105]
My [476,1473][501,1489]
Bets [507,1473][543,1489]
BB [583,527][606,542]
Money [569,601][636,623]
Li.. [643,601][675,623]
H [628,410][635,436]
A [664,410][691,436]
3.15 [603,672][648,689]
1.32 [604,757][648,774]
BB [583,859][606,874]
Money [569,933][636,955]
Li.. [643,933][676,955]
2.35 [603,1004][648,1021]
1.54 [604,1089][649,1106]
BB [583,1191][606,1206]
Money [568,1262][635,1286]
Li... [642,1264][674,1286]
2.20 [603,1334][646,1353]
Casino [623,1472][680,1486]
