Xx [479,588][489,598] 48
Over [499,588][533,599] 96
2.5 [538,588][559,599] 95
1.61 [874,588][901,599] 96
Total [498,608][527,618] 96
Goals [532,608][565,618] 96
v [538,625][542,639] 92
Turkiye [498,626][536,638] 41
Italy [550,626][571,638] 85
eas” [485,671][543,695] 48
Silver [554,674][583,682] 90
£1,927.99 [588,674][637,683] 90
£0.50 [829,682][854,689] 95
Last [555,691][572,698] 95
13:51:10 [600,691][632,698] 96
won: [575,693][596,698] 95
~ [483,697][487,698] 56
® [480,700][490,707] 51
Place [769,741][808,757] 96
Bet [816,741][841,757] 95
Stake [510,742][554,755] 95
Set [479,743][504,755] 96