720x1600
15:07 [56,17][118,36]
bet365 [19,176][169,209]
Popular [35,412][112,435]
o [107,85][134,109]
bet365.com/#/AC/B1 [153,85][427,109]
+ [476,83][505,112]
Game [39,524][111,545]
Lines [120,524][185,545]
Legia [40,672][95,694]
Warsaw [103,672][189,694]
Zielona [38,754][115,774]
Gora [124,755][173,774]
1st [40,1070][77,1091]
Half [86,1070][137,1091]
Legia [141,325][211,351]
Warsaw [221,325][326,351]
vs [334,325][363,351]
Zielona [373,325][471,351]
Gora [481,325][542,351]
v [558,325][579,351]
Bet [156,415][188,431]
Builder [195,415][263,431]
Game [305,415][362,431]
Team [404,415][458,431]
Quarter [501,415][574,433]
Poland [198,268][264,288]
Super [273,268][329,288]
Cup [336,268][374,288]
27 [395,268][418,288]
Sep [425,268][461,288]
16:30 [470,268][523,288]
G [38,1458][94,1474]
X [21,1180][42,1207]
Legia [59,1180][125,1207]
Warsaw [134,1180][232,1207]
Money [58,1217][129,1243]
Line [137,1215][181,1241]
Home [44,1473][92,1486]
Set [20,1337][66,1361]
Stake [76,1337][156,1361]
Alternative [38,856][175,883]
Point [185,856][249,883]
Spread [257,856][344,883]
Spread [287,601][356,623]
Alternative [38,963][175,984]
Game [184,963][256,984]
Total [263,963][324,984]
-4.5 [305,655][339,671]
1.83 [301,688][344,705]
All [185,1470][204,1490]
Sports [202,1470][256,1490]
+4.5 [301,740][343,756]
Legia [59,1251][108,1273]
Warsaw [118,1251][195,1272]
vs [203,1250][223,1271]
Zielona [231,1250][302,1271]
Gora [311,1249][355,1270]
1.83 [301,773][344,790]
Co [481,15][506,39]
R.ll [527,15][573,39]
100% [582,15][647,39]
(o) [345,1419][388,1449]
In-Play [338,1472][396,1489]
Total [449,601][497,618]
O [451,652][457,674]
163.5 [458,652][512,674]
1.83 [452,688][495,705]
U [452,737][458,759]
163.5 [458,737][511,759]
£4.07 [536,179][588,199]
(+) [598,180][621,200]
1.83 [452,773][496,790]
20 [577,92][595,104]
My [476,1473][501,1489]
Bets [507,1473][543,1489]
BB [583,527][606,542]
Money [569,601][636,623]
Li.. [643,601][675,623]
1.47 [604,672][648,689]
2.55 [603,757][648,774]
BB [583,859][606,874]
H [628,410][635,436]
A [664,410][691,436]
BB [583,966][606,981]
BB [583,1073][606,1088]
Place [477,1338][550,1360]
Bet [560,1338][604,1360]
1.47 [640,1181][693,1201]
Casino [623,1472][680,1486]
