720x1600
15:07 [56,17][118,36]
bet365 [19,176][169,208]
o [107,85][134,109]
bet365.com/#/AC/B1 [153,85][429,109]
+ [476,83][505,112]
Popular [35,412][112,436]
X [21,514][42,540]
Legia [59,514][125,540]
Warsaw [134,514][232,540]
Money [58,551][129,576]
Line [137,550][181,574]
£0.00 [20,657][110,690]
Legia [59,587][110,606]
Warsaw [118,587][197,606]
vs [203,587][225,606]
Zielona [232,587][304,606]
Gora [312,587][357,606]
+£1 [92,890][143,914]
Home [44,1473][92,1486]
ACKPOT [32,767][143,788]
Platinum [164,767][244,788]
£76,739.40 [256,767][360,788]
365) [51,788][114,809]
1 [112,983][124,1011]
Poland [198,268][264,287]
Super [273,268][329,287]
Cup [336,268][374,287]
27 [395,268][418,287]
Sep [425,268][461,287]
16:30 [470,268][523,287]
Legia [141,325][211,352]
Warsaw [221,325][326,352]
vs [334,325][363,352]
Zielona [373,325][471,352]
Gora [481,325][542,352]
Bet [156,413][186,431]
Builder [194,413][260,431]
Game [305,415][362,431]
4 [110,1067][122,1095]
7 [109,1151][130,1180]
Last [164,803][198,816]
won: [203,803][242,816]
00:22:50 [249,803][321,816]
Remember [56,1341][172,1359]
Stake [179,1341][238,1359]
All [185,1470][204,1490]
Sports [202,1470][256,1490]
+£5 [332,890][388,914]
2 [350,983][370,1012]
5 [348,1067][370,1095]
8 [350,1150][371,1178]
0 [360,1237][368,1264]
Co [481,15][506,39]
R.ll [528,15][574,39]
100% [584,15][649,39]
(o) [345,1419][388,1449]
In-Play [338,1472][396,1490]
Team [404,415][458,431]
£4.07 [536,181][587,198]
Quarter [501,415][575,433]
20 [577,92][595,104]
Place [478,672][550,694]
Bet [560,672][604,694]
My [476,1473][501,1489]
Bets [507,1473][543,1489]
£0.50 [555,786][602,799]
Done [514,1342][567,1359]
+£20 [562,887][635,915]
3 [589,982][609,1010]
6 [590,1067][611,1094]
1.47 [640,515][692,535]
Casino [623,1472][680,1486]
