720x1600
15:07 [56,17][118,36]
bet365 [19,176][169,209]
o [107,85][134,109]
bet365.com/#/AC/B1 [153,85][427,109]
+ [476,83][505,112]
Game [39,524][111,545]
Lines [120,524][185,545]
Popular [35,412][112,435]
Bet [156,415][188,431]
Builder [195,415][263,431]
Game [305,415][362,431]
Team [404,415][458,431]
Quarter [501,415][574,433]
X [21,679][42,706]
Legia [59,679][126,706]
Warsaw [134,679][232,706]
Money [59,719][131,742]
Line [139,719][183,742]
Stake [20,819][69,834]
£0.10 [20,851][108,876]
Legia [59,750][108,771]
Warsaw [117,750][195,770]
vs [203,749][222,769]
Zielona [231,749][301,769]
Gora [311,748][354,768]
+£1 [92,924][143,948]
Home [44,1473][92,1486]
1 [112,1017][124,1043]
Poland [198,268][264,288]
Super [273,268][329,288]
Cup [336,268][374,288]
27 [395,268][418,288]
Sep [425,268][461,288]
16:30 [470,268][523,288]
Legia [141,325][211,351]
Warsaw [221,325][326,351]
vs [334,325][363,351]
Zielona [373,325][471,351]
Gora [481,325][542,351]
v [558,325][579,351]
4 [110,1101][130,1129]
7 [109,1185][130,1214]
Remember [56,1375][172,1393]
Stake [180,1375][238,1393]
Spread [287,601][356,623]
All [185,1470][204,1490]
Sports [202,1470][256,1490]
+£5 [332,924][387,948]
2 [350,1017][370,1045]
Co [481,15][506,39]
R.ll [527,15][573,39]
100% [582,15][647,39]
5 [349,1101][369,1129]
8 [349,1184][370,1211]
(o) [345,1419][388,1449]
In-Play [338,1472][396,1489]
£4.07 [536,179][588,199]
(+) [598,180][621,200]
Total [449,601][497,618]
20 [577,92][595,104]
BB [583,527][606,542]
Place [476,822][550,844]
Bet [559,823][603,845]
Done [514,1376][567,1393]
My [476,1473][501,1489]
Bets [507,1473][543,1489]
To [464,862][486,877]
Return [493,862][552,877]
£0.14 [560,862][612,877]
Money [569,601][636,623]
Li... [643,601][675,623]
H [628,410][635,436]
A [664,410][691,436]
+£20 [562,921][634,950]
3 [589,1016][609,1044]
1.47 [640,680][693,700]
Casino [623,1472][680,1486]
