All Sports [565,27][625,44]
In-Play [680,27][723,44]
Casino [778,27][819,44]
£5.00 [1273,28][1299,43]
Trending [20,102][87,123]
UEFA Nations League A [50,144][193,161]
UEFA Nations League B [50,186][192,203]
Upcoming Football [50,228][167,245]
WNBA [50,270][91,287]
Next Races [50,312][118,329]
Upcoming Tennis [50,354][155,371]
NFL [50,396][74,413]
World Grand Prix [50,438][156,455]
UCL Challenge [50,480][138,497]
Most Used [20,543][100,564]
UEFA Nations League A [50,585][193,602]
UEFA Nations League B [50,627][192,644]
Football [50,669][100,686]
A-Z [20,727][47,748]
Next to Start [50,769][129,786]
American Football [50,811][162,828]
Australian Rules [50,853][149,870]
Badminton [50,895][118,912]
Baseball [50,937][100,954]
Basketball [50,979][113,996]
Boxing [50,1021][93,1038]
Casino [50,1063][90,1080]
Cricket [50,1105][92,1122]
Cycling [50,1147][95,1164]
Darts [50,1189][83,1206]
Esports [50,1231][95,1248]
Fantasy Sports [50,1273][139,1290]
Floorball [50,1315][104,1332]
Football [50,1357][100,1374]
Formula 1 [50,1399][111,1416]
Futsal [50,1441][86,1458]
Gaelic Sports [50,1483][130,1500]
Golf [50,1525][76,1542]
Greyhounds [50,1567][124,1584]
Handball [50,1609][105,1626]
Horse Racing [50,1651][131,1668]
Ice Hockey [50,1693][116,1710]
Lotto [50,1735][83,1752]
MMA [50,1777][84,1794]
Motor Sports [50,1819][132,1836]
Motorbikes [50,1854][115,1871]
NASCAR [50,1889][99,1906]
Other Motor Sports [50,1924][162,1941]
Rally [50,1959][77,1976]
Supercars [50,1994][106,2011]
Pelota [50,1861][88,1878]
Politics [50,1903][94,1920]
Rugby League [50,1945][137,1962]
Rugby Union [50,1987][130,2004]
Sailing [50,2029][91,2046]
Snooker [50,2071][100,2088]
Specials [50,2113][99,2130]
United Kingdom [50,2148][144,2165]
World [50,2183][85,2200]
Italy [50,2218][74,2235]
Speedway [50,2155][112,2172]
Surfing [50,2197][95,2214]
Table Tennis [50,2239][125,2256]
Tennis [50,2281][89,2298]
Trotting [50,2323][99,2340]
UEFA Champions League [50,2365][200,2382]
Virtual Sports [50,2407][135,2424]
Volleyball [50,2449][110,2466]
Water Polo [50,2491][118,2508]
Winter Sports [50,2533][135,2550]
Alpine Skiing [50,2568][125,2585]
Biathlon [50,2603][97,2620]
Cross Country Skiing [50,2638][169,2655]
UEFA Nations League B [710,114][833,130]
• [836,115][841,131]
28 Sep 19:45 [844,114][911,130]
Northern Ireland v Hungary [707,145][917,166]
Popular [309,212][353,228]
Popular [309,212][353,228]
Bet Builder [377,212][435,228]
Bet Builder [375,212][437,228]
Quick Players [462,212][533,228]
Quick Players [459,212][535,228]
Scorers [558,212][597,228]
Scorers [557,212][598,228]
Shots [621,212][651,228]
Shots [620,212][652,228]
Cards/Fouls [676,212][738,228]
Cards/Fouls [674,212][740,228]
Result [763,212][795,228]
Result [762,212][796,228]
Corners [820,212][861,228]
Corners [818,212][862,228]
Goals [885,212][914,228]
Goals [884,212][915,228]
Half [938,212][959,228]
Half [937,212][961,228]
Other [983,212][1014,228]
Other [983,212][1015,228]
Asian Lines [1039,212][1097,228]
Asian Lines [1037,212][1100,228]
Popular [309,212][353,228]
Popular [309,212][353,228]
Bet Builder [377,212][435,228]
Bet Builder [375,212][437,228]
Quick Players [462,212][533,228]
Quick Players [459,212][535,228]
Scorers [558,212][597,228]
Scorers [557,212][598,228]
Shots [621,212][651,228]
Shots [620,212][652,228]
Cards/Fouls [676,212][738,228]
Cards/Fouls [674,212][740,228]
Result [763,212][795,228]
Result [762,212][796,228]
Corners [820,212][861,228]
Corners [818,212][862,228]
Goals [885,212][914,228]
Goals [884,212][915,228]
Half [938,212][959,228]
Half [937,212][961,228]
Other [983,212][1014,228]
Other [983,212][1015,228]
Asian Lines [1039,212][1097,228]
Asian Lines [1037,212][1100,228]
Full Time Result [310,291][422,311]
Northern Ireland [310,341][405,358]
2.90 [411,341][435,358]
Draw [659,341][689,358]
3.00 [695,341][718,358]
Hungary [1007,341][1056,358]
2.62 [1062,341][1086,358]
Full Time Result – Enhanced Prices [310,394][551,414]
Score or Assist [310,451][413,471]
Dominik Szoboszlai [340,530][459,547]
Isaac Price [340,575][404,592]
Jamie Donley [340,620][422,637]
Justin Devenny [340,665][433,682]
Alex Toth [340,710][398,727]
Milos Kerkez [340,755][418,772]
Score [806,493][838,509]
3.60 [811,530][834,547]
4.00 [811,575][834,592]
4.33 [811,620][834,637]
6.00 [811,665][834,682]
7.50 [811,710][834,727]
13.00 [807,755][838,772]
Assist [1015,493][1047,509]
4.50 [1019,530][1043,547]
7.00 [1019,575][1043,592]
7.00 [1019,620][1043,637]
6.50 [1019,665][1043,682]
6.50 [1019,710][1043,727]
6.00 [1019,755][1043,772]
Score or Assist [1199,493][1281,509]
2.20 [1228,530][1252,547]
2.75 [1228,575][1252,592]
3.00 [1228,620][1252,637]
3.40 [1228,665][1252,682]
3.75 [1228,710][1252,727]
4.33 [1228,755][1252,772]
Show more [778,801][848,818]
Others on Request [310,846][416,863]
Goalscorers [310,898][392,918]
Shots On Target [310,955][423,975]
Isaac Price [340,1034][404,1051]
Dominik Szoboszlai [340,1079][459,1096]
Dion Charles [340,1124][417,1141]
Daniel Lukacs [340,1169][423,1186]
Donat Barany [340,1214][423,1231]
Josh Magennis [340,1259][431,1276]
1+ [788,997][804,1013]
1.50 [784,1034][808,1051]
1.53 [784,1079][808,1096]
1.57 [784,1124][808,1141]
1.61 [784,1169][808,1186]
1.61 [784,1214][808,1231]
1.66 [784,1259][808,1276]
2+ [945,997][960,1013]
3.40 [941,1034][965,1051]
3.50 [941,1079][965,1096]
3.75 [941,1124][965,1141]
4.00 [941,1169][965,1186]
4.00 [941,1214][965,1231]
4.33 [941,1259][965,1276]
3+ [1101,997][1117,1013]
10.00 [1094,1034][1125,1051]
11.00 [1094,1079][1125,1096]
11.00 [1094,1124][1125,1141]
13.00 [1094,1169][1125,1186]
13.00 [1094,1214][1125,1231]
15.00 [1094,1259][1125,1276]
4+ [1258,997][1273,1013]
21.00 [1251,1034][1282,1051]
Show more [778,1305][848,1322]
Shots [310,1357][349,1377]
Dominik Szoboszlai [340,1436][459,1453]
Isaac Price [340,1481][404,1498]
Dion Charles [340,1526][417,1543]
Daniel Lukacs [340,1571][423,1588]
Donat Barany [340,1616][423,1633]
Milan Toth [340,1661][406,1678]
1+ [779,1399][795,1415]
1.05 [776,1436][800,1453]
1.05 [776,1481][800,1498]
1.071 [772,1526][803,1543]
1.083 [772,1571][803,1588]
1.083 [772,1616][803,1633]
1.083 [772,1661][803,1678]
2+ [919,1399][934,1415]
1.25 [915,1436][939,1453]
1.28 [915,1481][939,1498]
1.36 [915,1526][939,1543]
1.40 [915,1571][939,1588]
1.40 [915,1616][939,1633]
1.44 [915,1661][939,1678]
3+ [1058,1399][1073,1415]
1.72 [1054,1436][1078,1453]
1.80 [1054,1481][1078,1498]
2.00 [1054,1526][1078,1543]
2.20 [1054,1571][1078,1588]
2.20 [1054,1616][1078,1633]
2.25 [1054,1661][1078,1678]
4+ [1197,1399][1212,1415]
2.75 [1193,1436][1217,1453]
2.75 [1193,1481][1217,1498]
3.50 [1193,1526][1217,1543]
3.75 [1193,1571][1217,1588]
3.75 [1193,1616][1217,1633]
4.00 [1193,1661][1217,1678]
5+ [1336,1399][1352,1415]
5.00 [1332,1436][1356,1453]
5.00 [1332,1481][1356,1498]
7.00 [1332,1526][1356,1543]
8.00 [1332,1571][1356,1588]
8.00 [1332,1616][1356,1633]
8.00 [1332,1661][1356,1678]
6+ [1475,1399][1491,1415]
10.00 [1468,1436][1499,1453]
10.00 [1468,1481][1499,1498]
13.00 [1468,1526][1499,1543]
15.00 [1468,1571][1499,1588]
15.00 [1468,1616][1499,1633]
17.00 [1468,1661][1499,1678]
7+ [1615,1399][1630,1415]
19.00 [1607,1436][1638,1453]
19.00 [1607,1481][1638,1498]
21.00 [1607,1526][1638,1543]
Show more [778,1707][848,1724]
Double Chance [310,1759][416,1779]
Goals Over/Under [310,1816][436,1836]
2.5 [422,1895][439,1912]
Over [743,1858][770,1874]
2.50 [745,1895][769,1912]
Under [1131,1858][1166,1874]
1.50 [1137,1895][1161,1912]
Alternative Total Goals [310,1948][470,1968]
0.5 [422,2027][439,2044]
1.5 [422,2072][439,2089]
3.5 [422,2117][439,2134]
4.5 [422,2162][439,2179]
5.5 [422,2207][439,2224]
6.5 [422,2252][439,2269]
Over [743,1990][770,2006]
1.11 [745,2027][769,2044]
1.50 [745,2072][769,2089]
5.00 [745,2117][769,2134]
11.00 [742,2162][773,2179]
26.00 [742,2207][773,2224]
51.00 [742,2252][773,2269]
Under [1131,1990][1166,2006]
6.50 [1137,2027][1161,2044]
2.50 [1137,2072][1161,2089]
1.16 [1137,2117][1161,2134]
1.05 [1137,2162][1161,2179]
1.01 [1137,2207][1161,2224]
1.002 [1133,2252][1164,2269]
Both Teams to Score [310,2305][454,2325]
Yes [311,2355][329,2372]
2.10 [335,2355][359,2372]
No [833,2355][850,2372]
1.66 [856,2355][880,2372]
Result/Both Teams to Score [310,2408][504,2428]
Northern Ireland [310,2487][405,2504]
Hungary [310,2532][359,2549]
Draw [310,2577][340,2594]
Yes [944,2450][961,2466]
7.00 [941,2487][965,2504]
6.50 [941,2532][965,2549]
4.50 [941,2577][965,2594]
No [1205,2450][1222,2466]
4.33 [1202,2487][1226,2504]
3.75 [1202,2532][1226,2549]
6.50 [1202,2577][1226,2594]
Cards [310,2630][349,2650]
Correct Score [310,2687][405,2707]
Main [1233,2689][1259,2704]
All [1276,2689][1290,2704]
Northern Ireland [422,2738][526,2755]
0 [468,2771][480,2798]
Hungary [795,2738][849,2755]
0 [816,2771][828,2798]
6.50 [1158,2775][1182,2792]
Others on Request [310,2840][416,2857]
Half Time Correct Score [310,2892][477,2912]
Main [1233,2894][1259,2909]
All [1276,2894][1290,2909]
Northern Ireland [422,2943][526,2960]
0 [468,2976][480,3003]
Hungary [795,2943][849,2960]
0 [816,2976][828,3003]
2.37 [1158,2980][1182,2997]
Others on Request [310,3045][416,3062]
Half Time/Full Time [310,3097][450,3117]
Either to Score [310,3154][413,3174]
Either to Assist [310,3211][415,3231]
Either to Score or Assist [310,3268][477,3288]
Either to Score First [310,3325][448,3345]
Corners [310,3382][364,3402]
9 [427,3461][434,3478]
Over [678,3424][705,3440]
2.20 [680,3461][704,3478]
Exactly [933,3424][972,3440]
7.50 [941,3461][965,3478]
Under [1196,3424][1231,3440]
2.00 [1202,3461][1226,3478]
Alternative Corners [310,3514][447,3534]
1 [427,3593][434,3610]
2 [427,3638][434,3655]
3 [427,3683][434,3700]
4 [427,3728][434,3745]
5 [427,3773][434,3790]
6 [427,3818][434,3835]
Over [678,3556][705,3572]
1.001 [677,3593][707,3610]
1.004 [677,3638][707,3655]
1.01 [680,3683][704,3700]
1.04 [680,3728][704,3745]
1.10 [680,3773][704,3790]
1.22 [680,3818][704,3835]
Exactly [933,3556][972,3572]
101.00 [934,3593][972,3610]
41.00 [938,3638][968,3655]
26.00 [938,3683][968,3700]
17.00 [938,3728][968,3745]
12.00 [938,3773][968,3790]
9.00 [941,3818][965,3835]
Under [1196,3556][1231,3572]
101.00 [1195,3593][1233,3610]
51.00 [1199,3638][1229,3655]
41.00 [1199,3683][1229,3700]
26.00 [1199,3728][1229,3745]
13.00 [1199,3773][1229,3790]
7.00 [1202,3818][1226,3835]
Show more [778,3864][848,3881]
Match Goals Range [310,3916][446,3936]
Main [1233,3918][1259,3933]
All [1276,3918][1290,3933]
Match Goals [310,4005][381,4022]
Yes [944,3963][961,3979]
2-4 [1074,3962][1092,3978]
1.66 [941,4005][965,4022]
No [1205,3963][1222,3979]
2.10 [1202,4005][1226,4022]
Team Goals Range [310,4058][439,4078]
Both Teams to Receive Cards [310,4115][512,4135]
a Card [310,4194][347,4211]
2+ Cards [310,4239][362,4256]
a Red Card [310,4284][372,4301]
Yes [944,4157][961,4173]
1.20 [941,4194][965,4211]
2.00 [941,4239][965,4256]
51.00 [938,4284][968,4301]
No [1205,4157][1222,4173]
4.33 [1202,4194][1226,4211]
1.72 [1202,4239][1226,4256]
Draw No Bet [310,4337][400,4357]
Northern Ireland [311,4387][406,4404]
1.90 [412,4387][436,4404]
Hungary [833,4387][882,4404]
1.80 [888,4387][912,4404]
Handicap Result [310,4440][424,4460]
Alternative Handicap Result [310,4497][506,4517]
Handicap 2-Way [310,4554][426,4574]
1st Half Handicap 2-Way [310,4611][485,4631]
1st Half Goals Range [310,4668][456,4688]
2nd Half Goals Range [310,4725][462,4745]
Results/Goals Range [310,4782][454,4802]
Double Chance/Goals Range [310,4839][510,4859]
Information and transmission delays [728,4979][903,4994]
Help [442,5049][473,5068]
Deposits [442,5091][492,5108]
Withdrawals [442,5131][513,5148]
Contact Us [442,5171][504,5188]
bet365 FAQ [442,5211][509,5228]
Terms and Conditions [442,5251][566,5268]
Safer Gambling [442,5291][530,5308]
Technical Issues [442,5331][532,5348]
Privacy Policy [442,5371][519,5388]
Cookie Policy [442,5411][518,5428]
Fair Payouts [442,5451][510,5468]
Complaints Procedure [442,5491][569,5508]
Rules [442,5531][473,5548]
Deposit Limits [442,5571][523,5588]
Sites [442,5629][473,5648]
Careers [442,5671][485,5688]
Partners [442,5711][489,5728]
Sports & Betting News [442,5751][572,5768]
Form & Stats [699,5049][785,5068]
Football Stats [699,5091][777,5108]
Sports Stats [699,5131][767,5148]
Horse Racing Archive [699,5171][821,5188]
Australian Horse Form [699,5211][827,5228]
Scores & Results [699,5269][808,5288]
Live Scores [699,5311][763,5328]
Results [699,5351][740,5368]
Settings [957,5049][1010,5068]
Language [957,5091][1013,5108]
Odds Display [957,5131][1032,5148]
Audio [957,5189][996,5208]
Horse Racing [957,5231][1033,5248]
Greyhounds [957,5271][1026,5288]
Football [957,5311][1003,5328]
Cricket [957,5351][996,5368]
Registered Office: Hillside (UK Sports) ENC (registration number P1892) and Hillside (UK Gaming) ENC (registration number P1888), Office 1/2373, Level G, Quantum House, 75 Abate Rigord Street, Ta’ Xbiex, XBX 1120, Malta. [442,5987][772,6019]
Hillside (UK Sports) ENC is licensed and regulated by the British Gambling Commission ( [442,6041][868,6056]
Account Number 55148 [868,6041][983,6056]
). [983,6041][989,6056]
Hillside (UK Gaming) ENC is licensed and regulated by the British Gambling Commission ( [442,6078][875,6093]
Account Number 55149 [875,6078][990,6093]
). [990,6078][996,6093]
© 2001-2026 bet365. All rights reserved. [442,6115][639,6130]
Server Time 14:56:05 UK [442,6147][569,6162]
By accessing, continuing to use or navigating throughout this site you accept that we will use certain browser cookies to improve your customer experience with us. bet365 only uses cookies which will improve your experience with us and will not interfere with your privacy. Please refer to our [442,6184][1100,6216]
Cookies Policy [1100,6201][1174,6216]
for further information on our use of cookies and how you can disable or manage their use should you wish. [1174,6201][949,6233]
This site is protected by reCAPTCHA and the Google [442,6270][698,6285]
Privacy Policy [698,6270][762,6285]
and [762,6270][787,6285]
Terms of Service [787,6270][865,6285]
apply. [865,6270][897,6285]
Partners [442,6344][491,6361]