720x1600
G [30,82][59,114]
14:31 [64,11][124,37]
B [137,14][144,38]
bet365 [19,176][169,209]
o [107,85][134,109]
bet365.com/#/AC/B1 [153,85][429,109]
+ [475,82][506,113]
Popular [35,412][112,435]
Bet [156,415][188,431]
Builder [195,415][262,431]
Game [305,415][362,431]
Poland [178,268][244,288]
1 [253,268][260,288]
Liga [271,268][311,288]
Women [318,268][393,288]
27 [414,268][438,288]
Sep [445,268][481,288]
15:00 [490,268][542,288]
Game [39,523][108,546]
Lines [119,522][183,545]
Pantery [67,322][170,352]
Lancut [179,322][269,352]
(W) [278,322][323,352]
vs [332,322][361,352]
MUKS [372,322][453,352]
Poznan [463,322][560,352]
(W) [571,322][616,352]
v [647,322][656,352]
Pantery [40,670][120,694]
Lancut [128,670][199,694]
(.. [208,670][230,694]
Home [44,1473][92,1486]
MUKS [40,755][103,778]
Poznan [112,755][190,778]
(W) [199,755][235,778]
All [185,1470][204,1490]
Sports [202,1470][256,1490]
Spread [286,598][355,623]
-8.5 [305,655][340,671]
1.83 [301,688][344,705]
+8.5 [301,740][343,756]
Ca [481,15][505,39]
ll [557,15][572,39]
100%0 [579,15][665,39]
1.83 [301,773][344,790]
((o) [345,1419][388,1449]
In-Play [338,1472][396,1489]
Total [449,601][497,618]
O [437,655][449,671]
136.5 [458,655][512,671]
1.83 [452,688][495,705]
U [452,736][458,758]
136.5 [458,736][511,758]
£4.07 [536,180][588,199]
(+) [598,180][621,200]
1.83 [452,773][496,790]
18 [577,92][594,104]
My [476,1473][501,1489]
Bets [507,1473][543,1489]
Money [569,601][636,623]
Li.. [643,601][675,623]
1.25 [604,672][648,689]
3.65 [603,757][648,774]
Casino [623,1472][680,1486]
