720x1600
G [30,82][59,114]
14:31 [64,11][124,37]
B [137,14][144,38]
bet365 [19,176][169,209]
o [107,85][134,109]
bet365.com/#/AC/B1 [153,85][429,109]
+ [475,82][506,113]
Popular [35,411][112,436]
Pantery [67,322][170,352]
Lancut [179,322][269,352]
(W) [278,322][323,352]
vs [332,322][361,352]
MUKS [372,322][453,352]
Poznan [463,322][560,352]
(W) [571,322][616,352]
v [647,322][656,352]
Bet [156,415][188,431]
Builder [195,415][262,431]
Game [305,415][362,431]
Game [39,523][108,545]
Lines [119,522][183,544]
Poland [178,268][244,288]
1 [253,268][260,288]
Liga [271,268][311,288]
Women [318,268][393,288]
27 [414,268][438,288]
Sep [445,268][481,288]
15:00 [490,268][542,288]
Pantery [39,670][120,694]
Lancut [128,670][199,694]
(.. [208,670][228,694]
MUKS [40,755][103,779]
Poznan [112,755][190,779]
(W) [199,755][235,779]
Home [44,1473][92,1486]
Set [20,1337][66,1361]
Stake [76,1337][156,1361]
Spread [287,601][356,623]
-8.5 [305,655][340,671]
All [185,1470][204,1490]
Sports [202,1470][256,1490]
1.83 [301,688][345,705]
X [21,1179][42,1207]
Pantery [59,1179][156,1207]
Lancut [165,1179][249,1207]
(W) [258,1179][300,1207]
-8.5 [310,1179][360,1207]
Point [58,1213][114,1240]
Spread [121,1215][196,1241]
+8.5 [301,740][343,756]
1.83 [301,773][344,790]
Ca [481,15][505,39]
ll [557,15][572,39]
100%0 [579,15][665,39]
Pantery [59,1251][133,1274]
Lancut [141,1251][207,1274]
(W) [215,1251][247,1274]
vs [255,1251][276,1274]
MUKS [285,1251][344,1274]
Poznan [352,1251][423,1274]
(W) [432,1251][465,1274]
(o) [345,1419][388,1449]
In-Play [338,1472][396,1489]
Total [449,601][497,618]
O [437,655][449,671]
136.5 [458,655][512,671]
1.83 [452,688][495,705]
U [454,737][460,758]
136.5 [458,737][511,758]
1.83 [452,773][496,790]
£4.07 [536,180][588,199]
(+) [598,180][621,200]
18 [577,92][594,104]
My [476,1473][501,1489]
Bets [507,1473][543,1489]
BB [583,527][606,542]
Money [569,601][636,623]
Li.. [643,601][675,623]
1.25 [604,672][648,689]
3.65 [603,757][648,774]
Place [478,1338][550,1360]
Bet [560,1338][604,1360]
1.83 [640,1181][693,1201]
Casino [623,1472][680,1486]
