720x1600
14:31 [64,11][124,37]
B [137,14][144,38]
bet365 [12,175][172,213]
o [107,85][134,109]
bet365.com/#/AC/B1 [153,85][427,109]
+ [476,83][505,112]
Popular [35,411][112,436]
Pantery [67,322][170,354]
Lancut [179,322][269,354]
(W) [278,322][323,354]
vs [332,322][361,354]
MUKS [372,322][453,354]
Poznan [463,322][560,354]
(W) [571,322][616,354]
v [649,322][658,354]
X [21,513][41,543]
Pantery [58,511][154,543]
Lancut [163,510][247,541]
(W) [257,510][298,540]
-8.5 [309,509][358,539]
Stake [20,654][69,669]
Point [59,553][115,576]
Spread [122,553][197,576]
Pantery [59,585][134,607]
Lancut [141,585][207,607]
(W) [215,585][248,607]
vs [255,585][276,607]
MUKS [284,585][344,607]
Poznan [352,585][424,607]
(W) [432,585][465,607]
£0.10 [31,678][108,718]
365) [51,788][114,809]
YACKPO7 [32,767][143,788]
Platinum [164,767][244,788]
£73,050.55 [256,767][360,788]
+£1 [92,890][143,914]
Home [44,1473][92,1486]
Poland [178,268][244,289]
1 [253,268][260,289]
Liga [272,268][311,289]
Women [318,268][393,289]
27 [414,268][438,289]
Sep [445,268][481,289]
15:00 [490,268][542,289]
Bet [156,413][185,432]
Builder [194,412][259,431]
Game [305,415][362,431]
1 [112,983][124,1011]
4 [111,1068][122,1095]
7 [109,1151][129,1180]
Last [164,803][198,816]
won: [203,803][242,816]
00:22:50 [249,803][321,816]
Remember [56,1339][170,1360]
Stake [178,1339][236,1358]
All [185,1470][204,1490]
Sports [202,1470][256,1490]
+£5 [332,890][388,914]
2 [349,982][370,1012]
5 [350,1069][371,1093]
8 [349,1151][369,1176]
Ca [481,15][504,38]
l [559,15][565,38]
100% [586,15][647,38]
0 [350,1237][366,1264]
(o) [345,1419][388,1449]
In-Play [338,1472][396,1490]
£4.07 [536,178][588,201]
+) [598,180][624,202]
18 [577,92][594,104]
Place [477,658][550,680]
Bet [560,658][604,680]
To [464,696][487,711]
Return [493,696][552,711]
£0.18 [560,696][612,711]
My [476,1473][501,1489]
Bets [507,1473][543,1489]
£0.50 [555,786][602,799]
Done [514,1342][567,1359]
+£20 [562,887][635,915]
6 [590,1067][609,1092]
1.83 [640,515][693,535]
Casino [623,1472][680,1486]
