720x1600
G [30,82][59,114]
14:31 [64,11][124,37]
B [137,14][144,38]
bet365 [19,176][169,209]
o [107,85][134,109]
bet365.com/#/AC/B1 [153,85][429,109]
+ [475,82][506,113]
Popular [35,411][112,436]
Pantery [67,322][170,352]
Lancut [179,322][269,352]
(W) [278,322][323,352]
vs [332,322][361,352]
MUKS [372,322][453,352]
Poznan [463,322][560,352]
(W) [571,322][616,352]
v [647,322][656,352]
Game [39,523][108,546]
Lines [119,522][183,545]
Pantery [39,671][120,693]
Lancut [128,671][199,693]
(. [208,671][220,693]
Stake [20,864][69,879]
Point [59,763][114,786]
Spread [122,763][197,786]
£0.10 [20,895][108,920]
Poland [178,268][244,288]
1 [253,268][260,288]
Liga [271,268][311,288]
Women [318,268][393,288]
27 [414,268][438,288]
Sep [445,268][481,288]
15:00 [490,268][542,288]
Bet [156,415][188,431]
Builder [195,415][262,431]
Game [305,415][362,431]
X [21,723][42,751]
Pantery [59,723][156,751]
Lancut [165,723][249,751]
(W) [258,723][300,751]
-8.5 [310,723][360,751]
+£1 [92,969][143,993]
Home [44,1473][92,1486]
4 [111,1144][131,1172]
7 [109,1230][128,1259]
Spread [287,601][357,623]
Pantery [59,795][133,818]
Lancut [141,795][207,818]
(W) [215,795][247,818]
vs [255,795][276,818]
MUKS [285,795][343,818]
Poznan [352,795][423,818]
(W) [432,795][465,818]
-8.5 [305,655][340,671]
All [185,1470][204,1490]
Sports [202,1470][256,1490]
1 [301,688][308,698]
22 [320,688][344,698]
+£5 [332,969][387,993]
2 [349,1061][371,1091]
5 [349,1144][369,1172]
8 [359,1231][367,1258]
Ca [481,15][505,39]
ll [557,15][572,39]
100%0 [579,15][665,39]
0 [349,1312][370,1339]
(o) [345,1419][388,1449]
In-Play [338,1472][396,1489]
Total [449,601][498,618]
O [436,654][448,671]
136.5 [457,653][510,671]
192 [447,688][497,700]
£4.07 [536,180][588,199]
(+) [598,180][621,200]
18 [577,92][594,104]
BB [583,527][606,542]
My [476,1473][501,1489]
Bets [507,1473][543,1489]
Money [569,601][636,623]
Li.. [643,601][675,623]
Place [477,866][548,890]
Bet [559,865][602,889]
1.25 [604,672][648,689]
To [464,906][486,921]
Return [493,906][552,921]
£0.18 [560,906][612,921]
+£20 [562,966][635,993]
3 [598,1062][606,1089]
6 [590,1145][608,1172]
1.83 [640,725][692,745]
Casino [623,1472][680,1486]
