720x1600
23240 [56,17][125,36]
0 [168,16][189,37]
”$4” [514,15][567,37]
100%. [579,16][665,36]
ED [31,81][60,114]
A192.168.4.1O8;8767/n1 [105,84][427,110]
+ [476,83][505,112]
 [0,0][720,156]
FIXTURES [41,197][250,230]
Code [63,292][142,318]
7186 [154,293][231,318]
League [64,344][176,376]
Academy [187,343][334,376]
Home [64,395][156,420]
Meadow [169,394][301,420]
Town [311,395][394,420]
Away [62,447][146,479]
Elm [158,446][213,472]
City [227,447][284,479]
Code [63,552][142,578]
7187 [154,553][231,578]
League [64,604][176,636]
Junior [187,604][285,629]
Home [64,655][156,680]
Meadow [169,654][301,680]
Youth [312,654][400,680]
Away [62,707][146,739]
Elm [158,706][213,732]
City [227,707][284,739]
Code [63,811][142,837]
7188 [154,812][230,837]
League [64,864][176,896]
Academy [187,863][334,896]
Home [64,915][156,940]
Maple [169,914][263,947]
Town [273,915][356,940]
Away [62,967][146,999]
Willow [157,966][259,992]
City [271,967][329,999]
