720x1600
23140 [56,17][125,36]
O [168,16][189,37]
”$71..” [514,15][567,37]
10070. [579,16][665,36]
n [31,81][60,114]
A 192.168.11.10828767/[11 [105,84][427,110]
+ [476,83][505,112]
DRYRUN [41,197][217,230]
Code [40,267][118,293]
7186 [130,268][207,293]
League [41,327][152,359]
Academy [163,326][310,359]
Home [41,386][132,411]
Meadow [145,385][278,411]
Town [288,386][371,411]
Away [38,445][122,477]
Elm [135,444][189,470]
City [203,445][260,477]
Market [41,503][147,529]
Total [245,502][333,533]
points [349,504][458,541]
Side [39,568][105,594]
UNDER [247,569][375,598]
Line [41,634][102,659]
2.5 [246,634][299,663]
Price [41,698][117,723]
2.02 [246,698][323,727]
State [39,763][119,788]
REVIEWONLY [247,763][489,792]
Local [40,834][99,853]
simulation. [109,834][235,853]
No [246,834][276,853]
transaction‘ [284,834][420,853]
