720x1600
15:46 [56,15][118,36]
bet365 [19,176][169,208]
o [107,85][134,109]
bet365.com/#/AC/B1 [153,85][427,109]
Popular [35,412][112,436]
Bet [156,415][187,431]
Builder [195,415][262,431]
Game [305,415][362,431]
Team [403,415][458,431]
Game [39,523][108,545]
Lines [119,522][183,544]
Vellaznimi [37,669][147,690]
KB [38,755][66,773]
Prishtina [75,755][168,774]
1st [40,856][77,877]
Half [86,856][137,877]
Vellaznimi [37,1001][146,1022]
KB [40,1087][66,1105]
Prishtina [76,1087][169,1105]
Vellaznimi [165,325][305,347]
vs [313,325][342,347]
KB [353,325][388,347]
Prishtina [399,325][517,347]
KB [59,1180][92,1201]
Prishtina [102,1180][214,1201]
+5.5 [223,1180][277,1201]
Point [58,1215][114,1241]
Spread [120,1216][196,1242]
Stake [20,1320][70,1335]
£0.10 [20,1348][105,1377]
Home [44,1473][92,1486]
Kosovo [200,268][272,288]
Superliga [279,268][371,288]
• [379,268][384,288]
27 [392,268][416,288]
Sep [423,268][459,288]
16:00 [467,268][520,288]
Spread [287,601][356,623]
All [185,1470][204,1490]
Sports [202,1470][256,1490]
-5.5 [305,655][340,671]
1.83 [301,688][345,705]
+5.5 [301,740][343,756]
1.83 [301,773][344,790]
Spread [287,933][356,955]
-2.5 [305,987][340,1003]
Vellaznimi [58,1253][159,1269]
vs [166,1253][188,1269]
KB [196,1253][221,1269]
Prishtina [230,1253][315,1269]
1.80 [301,1020][345,1037]
+2.5 [301,1072][343,1088]
1.86 [301,1105][345,1122]
Ca [481,15][504,38]
l [559,15][565,38]
100% [587,15][648,38]
(o) [345,1419][388,1449]
+ [476,83][505,112]
In-Play [338,1472][396,1489]
Total [449,601][497,618]
O [437,655][449,671]
158.5 [458,655][512,671]
1.83 [452,688][494,705]
U [452,737][457,759]
158.5 [457,736][509,759]
1.83 [452,773][496,790]
Total [449,933][497,950]
Quarter [501,415][573,433]
0 [443,987][456,1003]
78.5 [463,987][505,1003]
1.83 [452,1020][496,1037]
U [459,1069][465,1089]
78.5 [468,1069][505,1089]
1.83 [452,1105][496,1122]
£4.07 [536,179][588,202]
+ [598,182][623,203]
C [530,1335][560,1363]
21 [578,92][593,104]
My [476,1473][501,1489]
Bets [507,1473][543,1489]
BB [583,527][606,542]
Money [569,599][634,623]
Li... [642,599][673,621]
1.43 [604,672][648,689]
2.65 [603,757][648,774]
BB [583,860][606,874]
Money [569,930][634,956]
Li. [647,929][670,954]
1.54 [604,1004][649,1021]
2.35 [603,1089][648,1106]
1.83 [640,1181][693,1201]
Casino [623,1472][680,1486]
