720x1600
15:46 [56,15][118,36]
bet365 [19,176][169,208]
o [107,85][134,109]
bet365.com/#/AC/B1 [153,85][427,109]
Popular [35,412][112,436]
Bet [156,415][187,431]
Builder [195,415][262,431]
Game [305,415][362,431]
Team [403,415][458,431]
Game [39,523][108,545]
Lines [119,522][183,544]
Vellaznimi [37,669][147,690]
KB [38,755][66,773]
Prishtina [75,755][168,774]
1st [40,856][77,877]
Half [86,856][137,877]
A [19,1100][41,1121]
Live [57,1100][95,1121]
Alerts [101,1100][159,1122]
Stake [20,1319][68,1334]
Vellaznimi [165,325][305,347]
vs [313,325][342,347]
KB [353,325][388,347]
Prishtina [399,325][517,347]
Bet [96,996][142,1020]
Placed [152,996][247,1020]
Home [44,1473][92,1486]
Kosovo [200,268][272,288]
Superliga [279,268][371,288]
• [379,268][384,288]
27 [392,268][416,288]
Sep [423,268][459,288]
16:00 [467,268][520,288]
KB [21,1176][55,1197]
Prishtina [64,1176][176,1197]
+5.5 [185,1176][239,1197]
Point [20,1213][76,1236]
Spread [84,1213][158,1237]
Vellaznimi [20,1249][124,1265]
vs [129,1249][150,1265]
KB [159,1249][184,1265]
Prishtina [192,1249][278,1265]
£0.10 [20,1348][106,1375]
Spread [287,601][356,623]
Bet [95,1031][121,1051]
Ref [128,1031][154,1051]
AT3003000811 [163,1031][289,1051]
W [298,1031][304,1051]
All [185,1470][204,1490]
Sports [202,1470][256,1490]
-5.5 [305,655][340,671]
1.83 [301,688][345,705]
+5.5 [301,740][343,756]
1.83 [301,773][344,790]
Spread [287,929][355,955]
To [360,1319][382,1334]
Return [390,1319][447,1334]
Ca [481,14][506,38]
al [522,14][570,38]
100% [582,14][647,38]
£0.18 [361,1348][447,1375]
(o) [345,1419][388,1449]
+ [476,83][505,112]
In-Play [338,1472][396,1489]
Total [449,601][497,618]
O [437,655][449,671]
158.5 [458,655][512,671]
1.83 [452,688][494,705]
U [452,737][457,759]
158.5 [457,736][509,759]
1.83 [452,773][496,790]
Quarter [501,415][573,433]
Total [449,933][497,950]
£3.97 [536,181][587,198]
21 [578,92][593,104]
BB [583,527][606,542]
My [476,1473][501,1489]
Bets [507,1473][543,1489]
Money [569,599][634,623]
Li... [642,599][673,621]
1.43 [604,672][648,689]
2.65 [603,757][648,774]
BB [583,860][606,874]
Money [569,930][634,956]
Li. [648,930][671,955]
rh [511,1010][532,1031]
Share [548,1010][604,1033]
X [667,1013][688,1034]
X [668,1013][689,1033]
Reuse [532,1103][591,1119]
Selections [598,1103][700,1119]
1.83 [640,1177][693,1197]
Casino [623,1472][680,1486]
