720x1600
15:46 [56,17][120,36]
o [107,85][134,109]
bet365.com/#/HO/ [153,85][405,109]
Search [113,192][193,214]
Football [48,349][114,363]
UEFA [38,791][94,814]
Nations [101,792][184,816]
League [192,793][270,817]
ENG [321,796][365,813]
Vs [374,796][396,813]
SL [404,796][430,813]
Sun [31,983][68,1002]
27 [76,984][99,1003]
Sep [107,985][144,1003]
Denmark [70,1084][165,1105]
17:00 [39,1261][83,1274]
UEFA [94,870][147,900]
Nations [159,870][257,900]
League [263,870][359,900]
Wales [69,1154][133,1172]
Horses [190,350][249,363]
UEFA [33,1209][83,1229]
Nations [91,1209][166,1229]
League [175,1209][245,1229]
A [252,1209][266,1229]
Serbia [69,1357][135,1376]
Greyhounds [308,349][408,367]
Netherlands [70,1426][201,1444]
UEFA [31,1477][82,1498]
Nations [90,1478][165,1500]
League [174,1479][244,1501]
A [250,1481][264,1501]
1 [406,986][413,1002]
1.40 [386,1119][434,1138]
7.00 [385,1391][434,1410]
Ca [481,15][505,39]
ll [557,15][572,39]
100%0 [579,15][665,39]
+ [476,83][505,112]
Racing [480,793][551,817]
X [517,986][529,1002]
5.00 [499,1119][547,1138]
5.00 [499,1391][547,1410]
< [555,1542][571,1571]
21 [578,92][593,104]
Cricket [606,349][665,363]
Casino [602,796][675,813]
View [606,874][650,890]
All [657,875][679,891]
2 [631,986][642,1002]
6.50 [612,1119][660,1138]
1.40 [612,1391][660,1410]
