720x1600
2123 [56,17][120,36]
ED [31,81][60,114]
2; [106,86][135,109]
bet365.com/#/HO/ [153,85][405,109]
bet365 [19,176][169,209]
Q [53,274][85,307]
Search [113,279][194,298]
UCL [39,903][82,920]
Women [89,903][170,920]
Football [220,902][305,920]
G [19,997][56,1034]
UCL [77,1002][137,1026]
Women [147,1002][259,1026]
Tue [38,1082][72,1097]
22 [78,1082][101,1097]
Sep [107,1082][141,1101]
1 [38,1152][66,1181]
Arsenal [75,1157][158,1175]
(W) [167,1156][203,1180]
”I [38,1209][66,1237]
HB [76,1214][107,1231]
K¢ge [115,1214][170,1236]
(w) [178,1212][214,1236]
20:00 [39,1265][88,1280]
1 [38,1351][66,1380]
Real [76,1355][122,1373]
Madrid [131,1355][205,1373]
(W) [214,1354][250,1379]
GI [65,1418][108,1457]
Q [250,1416][292,1458]
Home [62,1473][111,1486]
All [230,1472][251,1486]
Spons [258,1473][312,1490]
Casino [355,903][428,920]
":7, [514,15][543,37]
.III [550,17][567,35]
100%. [579,16][665,36]
+ [476,83][505,112]
-3 [516,166][694,218]
WN [477,903][513,920]
BA [517,903][546,920]
X [524,1082][537,1097]
(<°>) [437,1419][480,1449]
ln-Play [430,1472][488,1490]
MLB [598,903][645,920]
RE [699,903][720,920]
 [602,992][679,993]
‘ [580,1014][581,1017]
ViewAll [600,1005][680,1022]
‘ [700,1014][701,1017]
 [602,1038][679,1039]
Casino [605,1472][662,1486]
