720x1600
2123 [56,17][120,36]
”$7..” [514,15][567,37]
100%I [579,16][665,36]
ED [31,81][60,114]
2; [106,86][135,109]
bet365.com/#/HO/ [153,85][405,109]
+ [476,83][505,112]
 [512,162][698,222]
bet365 [19,176][169,209]
Q [53,274][85,307]
Search [113,279][194,298]
.- [353,381][384,401]
_ [452,399][475,401]
9, [628,377][666,401]
‘3 [66,377][103,414]
4% [206,380][244,412]
~ [347,396][362,410]
new": [451,391][562,422]
v [629,400][665,414]
Football [51,434][118,448]
Horses [196,435][255,448]
Greyhounds' [316,433][475,452]
Cricket [617,434][677,448]
UCL [39,905][82,922]
Women [89,905][170,922]
Football [220,904][305,922]
Casino [355,905][428,922]
WNBA [477,905][546,922]
MLB [598,905][645,922]
RE [699,905][720,922]
 [602,994][679,995]
 [602,1040][679,1041]
G [19,998][56,1036]
UCL [77,1004][137,1028]
Women [147,1004][259,1028]
‘ [580,1016][581,1019]
View [600,1007][648,1024]
All [655,1007][680,1024]
‘ [700,1016][701,1019]
Tue [38,1084][72,1099]
22 [78,1084][101,1099]
Sep [107,1084][141,1103]
1 [412,1084][419,1099]
X [524,1084][537,1099]
2 [639,1084][650,1099]
1 [38,1154][66,1183]
Arsenal [75,1158][158,1176]
(W) [167,1157][203,1181]
0 [319,1159][331,1176]
“I [38,1210][66,1239]
HB [76,1216][107,1233]
K¢ge [115,1216][170,1238]
(W) [178,1214][214,1238]
a [319,1216][331,1233]
140 [396,1211][440,1228]
3.20 [509,1211][554,1228]
1700 [616,1211][674,1228]
65:08 [39,1267][88,1282]
1 [38,1353][66,1382]
Real [76,1357][122,1375]
Madrid [131,1357][205,1375]
(W) [214,1356][250,1381]
1 [320,1358][328,1375]
Q [46,1418][89,1457]
Q [195,1416][237,1458]
«o» [345,1419][388,1449]
(a [490,1418][529,1457]
Home [44,1473][92,1486]
All [175,1472][196,1486]
Sparts [202,1473][257,1490]
ln-Play [338,1472][396,1490]
My [476,1473][501,1490]
Bets [507,1473][543,1486]
casino [623,1472][680,1486]
@l [625,1416][678,1460]
@ [598,1276][692,1369]
III [150,1543][175,1570]
C) [349,1542][378,1571]
< [557,1542][574,1571]
