720x1600
21207 [56,17][118,36]
577..” [514,15][567,37]
100%. [579,16][665,36]
Q [31,81][60,114]
33 [106,86][135,109]
bet [153,85][196,109]
it [338,97][375,132]
1 [439,101][466,132]
(D [530,97][567,134]
e [630,101][659,130]
bet365 [19,176][169,209]
B [232,202][269,239]
New [298,210][356,233]
tab [365,209][409,233]
SD [234,294][267,325]
New [298,300][356,323]
Incognito [366,299][491,329]
tab [502,299][546,323]
I [113,333][163,385]
Arsenal [96,411][179,429]
33 [234,381][270,417]
Add [296,389][349,413]
tab [360,389][403,413]
to [413,392][439,413]
new [451,396][505,413]
group [514,396][593,419]
(6 [234,494][267,527]
History [298,499][393,529]
Full [39,663][82,684]
Time [90,663][153,684]
Re: [162,664][198,684]
El [236,584][265,617]
Delete [298,589][384,613]
browsing [395,589][516,619]
data [527,589][586,613]
IQ [236,696][265,725]
Downloads [298,699][448,723]
1.33 [110,776][156,793]
* [233,781][268,817]
Bookmarks [298,789][448,813]
Score [38,858][110,878]
or [118,863][144,878]
Ass [151,858][197,878]
1:: [228,876][273,905]
Recent [298,880][390,903]
tabs [400,879][459,903]
Player [39,934][101,956]
I [107,935][115,952]
Last [122,935][164,951]
5 [171,935][182,951]
Bukayosi [95,989][198,1012]
<2 [234,982][267,1019]
Share... [297,989][395,1013]
1 [105,1024][110,1037]
1 [135,1024][140,1037]
0 [164,1024][173,1037]
' [195,1025][198,1027]
Christos'l [95,1074][198,1092]
[Q [236,1072][265,1109]
Find [298,1079][353,1103]
in [364,1079][385,1102]
page [397,1086][464,1109]
000( [104,1109][198,1122]
Translate... [297,1169][441,1193]
 [0,1150][275,1308]
Show [297,1259][371,1283]
Reading [381,1259][489,1289]
mode [501,1259][576,1283]
Set [20,1339][66,1361]
Stake [76,1337][156,1361]
3 [234,1344][267,1377]
Install [298,1349][375,1373]
and [386,1349][435,1373]
create [446,1352][532,1373]
shortcut [542,1349][655,1373]
m [46,1418][89,1457]
x— [195,1426][271,1449]
, [641,1435][671,1436]
Home [44,1473][92,1486]
All [175,1472][196,1486]
Sports [202,1473][257,1490]
ln-Play [338,1472][396,1490]
My [476,1473][501,1490]
Bets [507,1473][543,1486]
Casino [623,1472][680,1486]
III [150,1543][175,1570]
C) [349,1542][378,1571]
< [558,1542][574,1571]
