720x1600
21210 [56,17][117,36]
ED [31,81][60,114]
23 [106,86][135,109]
bet365.com/#/AC/Bl [153,85][427,109]
bet365 [19,176][169,209]
‘9), [514,15][543,37]
.III [550,17][567,35]
100%. [579,16][665,36]
+ [476,83][505,112]
 [512,162][698,222]
6 [34,265][60,288]
England [240,268][317,289]
Premier [326,268][403,284]
League [410,268][481,289]
1‘ [113,333][163,385]
Arsenal [96,411][179,429]
Full [39,663][82,684]
Time [90,663][153,684]
Result [162,663][241,684]
Arsenal [91,738][173,756]
1 [110,777][117,793]
.33 [124,776][156,793]
Score [38,858][110,878]
or [118,863][144,878]
Assist [151,857][229,878]
Bet [156,554][187,570]
Builder [195,554][263,570]
Player [39,934][101,956]
I [107,935][115,952]
Last [122,935][164,951]
5 [171,935][182,951]
Bukayo [95,989][174,1012]
Saka [182,989][234,1007]
1 [105,1024][110,1037]
1 [135,1024][140,1037]
o [164,1024][173,1037]
1 [195,1024][200,1037]
o [224,1024][233,1037]
Christos [95,1074][185,1092]
Tzolis [191,1074][256,1092]
o [104,1109][113,1122]
o [134,1109][143,1122]
o [164,1109][173,1122]
o [194,1109][203,1122]
0 [224,1109][233,1122]
Arsenal [58,1180][153,1201]
Full [59,1219][95,1237]
Time [103,1219][157,1237]
Result [166,1219][233,1237]
Arsenal [58,1253][131,1269]
v [139,1257][149,1269]
Leeds [157,1253][214,1269]
10 [303,327][324,342]
Oct [331,327][361,342]
12:30 [369,327][417,342]
4» [346,362][372,383]
I [557,332][608,385]
v [354,414][366,427]
Leeds [551,411][614,429]
QuickPlayers [307,554][440,575]
Scorers [484,554][559,570]
Res [603,554][636,570]
Q [664,547][691,578]
v [660,668][683,681]
Draw [335,739][387,756]
Leeds [557,738][619,756]
500 [339,776][383,793]
8.00 [566,776][610,793]
v [660,863][683,875]
. [504,934][508,937]
Scoreor [591,921][675,937]
Score [331,935][389,951]
ASSIst [465,935][528,951]
Assist [601,948][664,965]
262 [338,1005][383,1022]
3.50 [474,1005][519,1022]
1‘72 [612,1005][656,1022]
275 [338,1089][383,1106]
3.50 [474,1089][519,1106]
180 [612,1089][656,1106]
 [0,1150][720,1308]
Set [20,1339][66,1361]
Stake [76,1337][156,1361]
ﬁr [46,1418][89,1457]
Q [195,1416][237,1458]
Home [44,1473][92,1486]
All [175,1472][196,1486]
Sports [202,1473][257,1490]
Place [477,1338][551,1360]
Bet [560,1339][604,1360]
(<o>) [345,1419][388,1449]
@ [490,1418][529,1457]
aja [625,1416][678,1460]
ln-Play [338,1472][396,1490]
My [476,1473][501,1490]
Bets [507,1473][543,1486]
Casino [623,1472][680,1486]
O [349,1542][378,1571]
< [558,1542][574,1571]
