720x1600
21:17 [56,17][114,36]
a.” [514,15][567,37]
100%- [579,16][665,36]
ED [31,81][60,114]
Ea [107,86][134,109]
bet365.com/#/AC/BW [153,85][427,109]
+ [476,83][505,112]
 [0,0][720,492]
>< [21,515][42,536]
Arsenal [58,514][153,535]
1.33 [640,515][693,535]
Full [59,553][95,571]
Time [103,553][157,571]
Result [166,553][233,571]
Arsena‘ [58,587][131,603]
v [139,591][149,603]
Leeds [157,587][214,603]
£ [20,664][37,686]
I [86,651][111,700]
Place [477,672][551,694]
Bet [560,673][604,694]
www [33,766][142,792]
Silver [163,770][214,785]
£92367 [225,770][301,785]
€59 [50,787][118,811]
 [0,638][20,656]
 [111,638][720,656]
a; [24,815][42,833]
LHS‘WOH [164,803][236,816]
20 [249,803][268,816]
59:14 [276,803][321,816]
£050 [555,786][602,799]
+£1 [92,890][142,914]
+55 [332,890][387,914]
+520 [563,890][637,914]
0 [350,1236][370,1265]
<3 [574,1234][626,1269]
Remember [56,1341][172,1359]
Stake [180,1341][238,1359]
Done [514,1342][567,1359]
9 [46,1418][89,1457]
Q [195,1416][237,1458]
All [175,1472][196,1486]
Sports [202,1473][257,1490]
 [0,1394][720,1600]
