720x1600
21:24 [56,17][119,36]
mull [521,17][567,37]
100%- [579,16][665,36]
ED [31,81][60,114]
Ea [107,86][134,109]
bet365.com/#/AC/BW [153,85][427,109]
+ [476,83][505,112]
 [0,0][720,492]
>< [21,515][42,536]
Arsenal [58,514][153,535]
1.33 [640,515][693,535]
Full [59,553][95,571]
Time [103,553][157,571]
Result [166,553][233,571]
Arsena‘ [58,587][131,603]
v [139,591][149,603]
Leeds [157,587][214,603]
3““ [20,654][70,669]
Place [478,658][550,680]
Bet [560,659][604,680]
£1‘ [20,676][59,724]
To [464,696][485,711]
Re‘urn [493,696][552,711]
£133 [560,696][611,711]
wall/Jug [33,766][142,792]
Silver [163,770][214,785]
£28292 [225,770][301,785]
m3 [50,787][118,811]
6) [24,815][42,833]
LHS‘WOH [164,803][236,816]
21 [249,803][265,816]
1933 [276,803][320,816]
£050 [555,786][602,799]
+£1 [92,890][142,914]
+55 [332,890][387,914]
+£2o [563,890][637,914]
0 [350,1236][370,1265]
<3 [574,1234][626,1269]
Remember [56,1341][172,1359]
Stake [180,1341][238,1359]
Done [514,1342][567,1359]
9 [46,1418][89,1457]
Q [195,1416][237,1458]
«o» [345,1419][388,1449]
All [175,1472][196,1486]
Sports [202,1473][257,1490]
ln-Play [338,1472][396,1490]
My [476,1473][501,1490]
Bets [507,1473][543,1486]
III [150,1543][175,1570]
C) [349,1542][378,1571]
 [0,1394][720,1600]
