720x1600
19:40 [56,17][121,36]
®® [165,14][219,39]
- [235,22][243,30]
ED [31,81][60,114]
A192.168.4.108:8767/nl [105,84][427,110]
”3» [514,15][543,37]
.III [550,17][567,35]
100%. [579,16][665,36]
+ [476,83][505,112]
 [0,0][720,156]
FIXTURES [41,197][250,230]
Code [63,292][142,318]
8189 [155,293][230,318]
League [64,344][176,376]
Pro [189,344][239,369]
Time [62,395][140,420]
21:30 [152,395][237,420]
Home [64,447][156,472]
Bay [169,447][223,479]
United [236,446][332,472]
Away [62,498][146,530]
Wolves [157,497][268,523]
Code [63,603][142,629]
8190 [155,604][230,629]
League [64,655][176,687]
College [188,654][303,687]
Time [62,707][140,732]
21:30 [152,707][237,732]
Home [64,758][156,783]
Bay [169,758][223,790]
College [235,757][350,790]
Away [62,809][146,841]
Bears [159,809][245,834]
Code [63,914][142,940]
8191 [155,915][225,940]
League [64,967][176,999]
Summit [188,967][308,992]
Time [62,1018][140,1043]
21:30 [152,1018][237,1043]
Home [64,1069][156,1094]
Lake [169,1068][240,1094]
United [252,1068][349,1094]
Away [62,1121][146,1153]
Lynx [159,1121][225,1153]
