720x1600
19138 [56,17][121,36]
®® [165,14][219,39]
° [235,22][243,30]
”$1,.” [514,15][567,37]
100%. [579,16][665,37]
Bet365Agent [33,73][253,109]
COORDINATOR [165,205][364,224]
CONNECTION [375,205][556,224]
Bet365Agent [33,273][273,312]
PoC [287,273][358,303]
Accessibility [31,347][197,376]
service [205,348][298,370]
enabled: [307,347][417,370]
YES [427,348][478,370]
Foreground [32,403][182,432]
/ [191,405][202,428]
last [212,403][257,426]
scan [266,410][327,426]
package: [338,403][454,432]
com.bet365agent [31,438][266,467]
Window [31,473][137,496]
title: [145,473][200,496]
Bet365Agent [211,474][384,502]
Last [32,531][86,552]
scan: [95,536][163,552]
22 [173,530][205,552]
Sept [214,530][273,558]
2026 [282,530][347,552]
19:38:05 [358,530][471,552]
OPEN [140,620][213,639]
ACCESSIBILITY [225,620][433,639]
SETTINGS [445,620][582,639]
REFRESH [148,710][269,729]
STATUS [282,710][387,729]
/ [398,710][408,731]
LAST [421,710][489,729]
SCAN [501,710][574,729]
TEST: [115,800][192,819]
CLICK [206,800][285,819]
FOOTBALL [298,800][439,819]
IN [451,800][476,819]
CHROME [488,800][605,819]
TEST: [69,905][146,924]
SEARCH [160,905][269,924]
FOOTBALL [282,905][423,924]
8. [435,905][450,924]
ENTER [463,905][550,924]
QUERY [562,905][651,927]
TEST: [121,1010][198,1029]
TAP [211,1010][264,1029]
FIXTURE [277,1010][389,1029]
FROM [403,1010][477,1029]
SEARCH [491,1010][599,1029]
TEST: [79,1107][156,1126]
VISUAL [169,1107][268,1126]
CONTROL [280,1107][410,1126]
(SCREENSHOT [421,1105][617,1132]
+ [629,1110][642,1124]
OCR [247,1137][302,1156]
+ [313,1140][326,1154]
GESTURE) [338,1135][474,1162]
Search [31,1215][122,1238]
ﬂow [131,1215][187,1238]
test [195,1218][246,1238]
SEARCH_FLOW: [31,1268][229,1291]
(not [240,1266][289,1294]
run) [297,1266][346,1294]
STAGE: [31,1301][122,1321]
— [132,1310][151,1313]
SEARCHiCHROMEiTEXT: [47,1363][305,1383]
(none) [328,1363][406,1384]
Fixture [32,1435][122,1457]
tap [130,1437][172,1463]
test [180,1437][231,1457]
I“ [150,1544][175,1571]
O [349,1543][378,1572]
< [558,1543][574,1572]
