720x1600
19:40 [56,17][121,36]
®® [165,14][219,39]
- [235,22][243,30]
a7...” [514,15][567,37]
100%- [579,16][665,36]
ED [31,81][60,114]
A192.168.4.108:8767/m [105,84][427,110]
+ [476,83][505,112]
 [0,0][720,156]
EVENT [41,197][181,230]
Code [40,267][118,293]
8189 [131,268][206,293]
League [41,327][152,359]
Pro [165,327][215,352]
Time [38,386][116,411]
21:30 [128,386][213,411]
Home [41,445][132,470]
Bay [145,445][200,477]
United [212,444][308,470]
Away [38,504][122,536]
Wolves [133,503][244,529]
MARKETS [66,604][240,632]
