720x1600
19140 [56,17][121,36]
8>® [165,14][219,39]
o [235,22][243,30]
31.11 [514,15][567,37]
10070. [579,16][665,36]
n [31,81][60,114]
A 192.168.11.10828767/[11 [105,84][427,110]
+ [476,83][505,112]
DRYRUN [41,197][217,230]
Code [40,267][118,293]
8189 [131,268][206,293]
League [41,327][152,359]
Pro [165,327][215,352]
Time [38,386][116,411]
21 [128,386][159,411]
30 [169,386][213,411]
Home [41,445][132,470]
Bay [145,445][200,477]
United [212,444][308,470]
Away [38,504][122,536]
Wolves [133,503][244,529]
Stake [39,562][125,588]
10.00 [247,563][345,592]
Market [41,627][147,653]
Moneyline [247,626][430,665]
Side [39,691][105,717]
HOME [247,692][359,721]
Line [41,757][102,782]
NONE [247,757][353,786]
Price [41,822][117,847]
1.91 [247,822][316,851]
State [39,887][119,912]
REVIEW [247,887][389,916]
OK [403,887][454,916]
Local [40,958][99,977]
simulation. [109,958][235,977]
No [246,958][276,977]
transaction‘ [284,958][420,977]
