All Sports [513,27][573,44]
In-Play [628,27][671,44]
My Bets [726,27][775,44]
Casino [830,27][871,44]
£4.90 [1273,28][1299,43]
Trending [20,102][87,123]
UEFA Nations League A [50,144][193,161]
UEFA Nations League B [50,186][192,203]
Upcoming Football [50,228][167,245]
NFL [50,270][74,287]
Next Races [50,312][118,329]
World Grand Prix [50,354][156,371]
Upcoming Tennis [50,396][155,413]
WNBA [50,438][91,455]
UCL Challenge [50,480][138,497]
Most Used [20,543][100,564]
UEFA Nations League A [50,585][193,602]
UEFA Nations League B [50,627][192,644]
Football [50,669][100,686]
A-Z [20,727][47,748]
Next to Start [50,769][129,786]
American Football [50,811][162,828]
Australian Rules [50,853][149,870]
Badminton [50,895][118,912]
Baseball [50,937][100,954]
Basketball [50,979][113,996]
Boxing [50,1021][93,1038]
Casino [50,1063][90,1080]
Cricket [50,1105][92,1122]
Cycling [50,1147][95,1164]
Darts [50,1189][83,1206]
Esports [50,1231][95,1248]
Fantasy Sports [50,1273][139,1290]
Floorball [50,1315][104,1332]
Football [50,1357][100,1374]
Formula 1 [50,1399][111,1416]
Futsal [50,1441][86,1458]
Gaelic Sports [50,1483][130,1500]
Golf [50,1525][76,1542]
Greyhounds [50,1567][124,1584]
Handball [50,1609][105,1626]
Horse Racing [50,1651][131,1668]
Ice Hockey [50,1693][116,1710]
Lotto [50,1735][83,1752]
MMA [50,1777][84,1794]
Motor Sports [50,1819][132,1836]
Motorbikes [50,1854][115,1871]
NASCAR [50,1889][99,1906]
Other Motor Sports [50,1924][162,1941]
Rally [50,1959][77,1976]
Supercars [50,1994][106,2011]
Pelota [50,1861][88,1878]
Politics [50,1903][94,1920]
Rugby League [50,1945][137,1962]
Rugby Union [50,1987][130,2004]
Sailing [50,2029][91,2046]
Snooker [50,2071][100,2088]
Specials [50,2113][99,2130]
United Kingdom [50,2148][144,2165]
World [50,2183][85,2200]
Italy [50,2218][74,2235]
Speedway [50,2155][112,2172]
Surfing [50,2197][95,2214]
Table Tennis [50,2239][125,2256]
Tennis [50,2281][89,2298]
Trotting [50,2323][99,2340]
UEFA Champions League [50,2365][200,2382]
Virtual Sports [50,2407][135,2424]
Volleyball [50,2449][110,2466]
Water Polo [50,2491][118,2508]
Winter Sports [50,2533][135,2550]
Alpine Skiing [50,2568][125,2585]
Biathlon [50,2603][97,2620]
Cross Country Skiing [50,2638][169,2655]
UEFA Nations League B [710,114][833,130]
• [836,115][841,131]
29 Sep 19:45 [844,114][911,130]
Scotland v Switzerland [727,145][897,166]
Popular [309,212][353,228]
Popular [309,212][353,228]
Bet Builder [377,212][435,228]
Bet Builder [375,212][437,228]
Quick Players [462,212][533,228]
Quick Players [459,212][535,228]
Scorers [558,212][597,228]
Scorers [557,212][598,228]
Shots [621,212][651,228]
Shots [620,212][652,228]
Cards/Fouls [676,212][738,228]
Cards/Fouls [674,212][740,228]
Player Stats [764,212][825,228]
Player Stats [762,212][827,228]
Result [851,212][883,228]
Result [849,212][884,228]
Corners [907,212][948,228]
Corners [906,212][950,228]
Goals [972,212][1002,228]
Goals [972,212][1003,228]
Half [1026,212][1047,228]
Half [1025,212][1048,228]
Other [1071,212][1101,228]
Other [1070,212][1102,228]
Asian Lines [1126,212][1185,228]
Asian Lines [1124,212][1187,228]
Popular [309,212][353,228]
Popular [309,212][353,228]
Bet Builder [377,212][435,228]
Bet Builder [375,212][437,228]
Quick Players [462,212][533,228]
Quick Players [459,212][535,228]
Scorers [558,212][597,228]
Scorers [557,212][598,228]
Shots [621,212][651,228]
Shots [620,212][652,228]
Cards/Fouls [676,212][738,228]
Cards/Fouls [674,212][740,228]
Player Stats [764,212][825,228]
Player Stats [762,212][827,228]
Result [851,212][883,228]
Result [849,212][884,228]
Corners [907,212][948,228]
Corners [906,212][950,228]
Goals [972,212][1002,228]
Goals [972,212][1003,228]
Half [1026,212][1047,228]
Half [1025,212][1048,228]
Other [1071,212][1101,228]
Other [1070,212][1102,228]
Asian Lines [1126,212][1185,228]
Asian Lines [1124,212][1187,228]
Full Time Result [310,291][422,311]
BB [1280,294][1294,308]
Scotland [310,341][360,358]
4.33 [366,341][390,358]
Draw [659,341][689,358]
3.50 [695,341][718,358]
Switzerland [1007,341][1073,358]
1.80 [1079,341][1102,358]
Full Time Result – Enhanced Prices [310,394][551,414]
Score or Assist [310,451][413,471]
BB [1280,454][1294,468]
Breel Embolo [340,530][421,547]
Dan Ndoye [340,575][408,592]
Johan Manzambi [340,620][444,637]
Djibril Sow [340,665][407,682]
Fabian Rieder [340,710][423,727]
Oliver McBurnie [340,755][439,772]
Score [806,493][838,509]
2.75 [811,530][834,547]
4.33 [811,575][834,592]
4.00 [811,620][834,637]
4.75 [811,665][834,682]
7.00 [811,710][834,727]
4.33 [811,755][834,772]
Assist [1015,493][1047,509]
6.00 [1019,530][1043,547]
5.00 [1019,575][1043,592]
5.50 [1019,620][1043,637]
6.00 [1019,665][1043,682]
4.50 [1019,710][1043,727]
8.00 [1019,755][1043,772]
Score or Assist [1199,493][1281,509]
2.10 [1228,530][1252,547]
2.50 [1228,575][1252,592]
2.50 [1228,620][1252,637]
2.87 [1228,665][1252,682]
3.00 [1228,710][1252,727]
3.10 [1228,755][1252,772]
Show more [778,801][848,818]
Others on Request [310,846][416,863]
Goalscorers [310,898][392,918]
BB [1280,901][1294,915]
Shots On Target [310,955][423,975]
BB [1280,958][1294,972]
Breel Embolo [340,1034][421,1051]
Joel Monteiro [340,1079][425,1096]
Winsley Boteli [340,1124][427,1141]
Cedric Itten [340,1169][411,1186]
Zeki Amdouni [340,1214][426,1231]
Alvyn Sanches [340,1259][427,1276]
1+ [788,997][804,1013]
1.40 [784,1034][808,1051]
1.40 [784,1079][808,1096]
1.40 [784,1124][808,1141]
1.44 [784,1169][808,1186]
1.50 [784,1214][808,1231]
1.57 [784,1259][808,1276]
2+ [945,997][960,1013]
3.00 [941,1034][965,1051]
2.75 [941,1079][965,1096]
3.00 [941,1124][965,1141]
3.25 [941,1169][965,1186]
3.40 [941,1214][965,1231]
3.75 [941,1259][965,1276]
3+ [1101,997][1117,1013]
8.00 [1098,1034][1122,1051]
7.00 [1098,1079][1122,1096]
8.00 [1098,1124][1122,1141]
9.00 [1098,1169][1122,1186]
10.00 [1094,1214][1125,1231]
13.00 [1094,1259][1125,1276]
4+ [1258,997][1273,1013]
21.00 [1251,1034][1282,1051]
21.00 [1251,1079][1282,1096]
21.00 [1251,1124][1282,1141]
21.00 [1251,1169][1282,1186]
21.00 [1251,1214][1282,1231]
Show more [778,1305][848,1322]
Shots [310,1357][349,1377]
BB [1280,1360][1294,1374]
Joel Monteiro [340,1436][425,1453]
Breel Embolo [340,1481][421,1498]
Winsley Boteli [340,1526][427,1543]
Zeki Amdouni [340,1571][426,1588]
Cedric Itten [340,1616][411,1633]
Dan Ndoye [340,1661][408,1678]
1+ [779,1399][795,1415]
1.03 [776,1436][800,1453]
1.04 [776,1481][800,1498]
1.04 [776,1526][800,1543]
1.04 [776,1571][800,1588]
1.05 [776,1616][800,1633]
1.062 [772,1661][803,1678]
2+ [919,1399][934,1415]
1.20 [915,1436][939,1453]
1.22 [915,1481][939,1498]
1.22 [915,1526][939,1543]
1.20 [915,1571][939,1588]
1.28 [915,1616][939,1633]
1.30 [915,1661][939,1678]
3+ [1058,1399][1073,1415]
1.61 [1054,1436][1078,1453]
1.66 [1054,1481][1078,1498]
1.66 [1054,1526][1078,1543]
1.61 [1054,1571][1078,1588]
1.80 [1054,1616][1078,1633]
1.83 [1054,1661][1078,1678]
4+ [1197,1399][1212,1415]
2.50 [1193,1436][1217,1453]
2.62 [1193,1481][1217,1498]
2.62 [1193,1526][1217,1543]
2.50 [1193,1571][1217,1588]
3.00 [1193,1616][1217,1633]
3.25 [1193,1661][1217,1678]
5+ [1336,1399][1352,1415]
4.00 [1332,1436][1356,1453]
4.50 [1332,1481][1356,1498]
4.50 [1332,1526][1356,1543]
4.00 [1332,1571][1356,1588]
5.50 [1332,1616][1356,1633]
5.50 [1332,1661][1356,1678]
6+ [1475,1399][1491,1415]
8.00 [1472,1436][1495,1453]
9.00 [1472,1481][1495,1498]
9.00 [1472,1526][1495,1543]
8.00 [1472,1571][1495,1588]
11.00 [1468,1616][1499,1633]
11.00 [1468,1661][1499,1678]
7+ [1615,1399][1630,1415]
15.00 [1607,1436][1638,1453]
17.00 [1607,1481][1638,1498]
17.00 [1607,1526][1638,1543]
15.00 [1607,1571][1638,1588]
19.00 [1607,1616][1638,1633]
21.00 [1607,1661][1638,1678]
8+ [1754,1399][1769,1415]
21.00 [1746,1436][1777,1453]
21.00 [1746,1571][1777,1588]
Show more [778,1707][848,1724]
Double Chance [310,1759][416,1779]
BB [1280,1762][1294,1776]
Goals Over/Under [310,1816][436,1836]
BB [1280,1819][1294,1833]
2.5 [422,1895][439,1912]
Over [743,1858][770,1874]
2.15 [745,1895][769,1912]
Under [1131,1858][1166,1874]
1.66 [1137,1895][1161,1912]
Alternative Total Goals [310,1948][470,1968]
BB [1280,1951][1294,1965]
0.5 [422,2027][439,2044]
1.5 [422,2072][439,2089]
3.5 [422,2117][439,2134]
4.5 [422,2162][439,2179]
5.5 [422,2207][439,2224]
6.5 [422,2252][439,2269]
Over [743,1990][770,2006]
1.071 [742,2027][773,2044]
1.36 [745,2072][769,2089]
3.75 [745,2117][769,2134]
9.00 [745,2162][769,2179]
19.00 [742,2207][773,2224]
41.00 [742,2252][773,2269]
Under [1131,1990][1166,2006]
8.50 [1137,2027][1161,2044]
3.00 [1137,2072][1161,2089]
1.25 [1137,2117][1161,2134]
1.071 [1133,2162][1164,2179]
1.02 [1137,2207][1161,2224]
1.004 [1133,2252][1164,2269]
Both Teams to Score [310,2305][454,2325]
BB [1280,2308][1294,2322]
Yes [311,2355][329,2372]
2.00 [335,2355][359,2372]
No [833,2355][850,2372]
1.72 [856,2355][880,2372]
Result/Both Teams to Score [310,2408][504,2428]
BB [1280,2411][1294,2425]
Scotland [310,2487][360,2504]
Switzerland [310,2532][376,2549]
Draw [310,2577][340,2594]
Yes [944,2450][961,2466]
9.50 [941,2487][965,2504]
4.33 [941,2532][965,2549]
5.00 [941,2577][965,2594]
No [1205,2450][1222,2466]
7.00 [1202,2487][1226,2504]
2.75 [1202,2532][1226,2549]
8.50 [1202,2577][1226,2594]
Cards [310,2630][349,2650]
BB [1280,2633][1294,2647]
Correct Score [310,2687][405,2707]
Main [1183,2689][1209,2704]
All [1226,2689][1240,2704]
BB [1280,2690][1294,2704]
Scotland [447,2738][501,2755]
0 [468,2771][480,2798]
Switzerland [786,2738][858,2755]
0 [816,2771][828,2798]
8.50 [1158,2775][1182,2792]
Others on Request [310,2840][416,2857]
Half Time Correct Score [310,2892][477,2912]
Main [1183,2894][1209,2909]
All [1226,2894][1240,2909]
BB [1280,2895][1294,2909]
Scotland [447,2943][501,2960]
0 [468,2976][480,3003]
Switzerland [786,2943][858,2960]
0 [816,2976][828,3003]
2.62 [1158,2980][1182,2997]
Others on Request [310,3045][416,3062]
Half Time/Full Time [310,3097][450,3117]
BB [1280,3100][1294,3114]
Corners [310,3154][364,3174]
BB [1280,3157][1294,3171]
9 [427,3233][434,3250]
Over [678,3196][705,3212]
2.20 [680,3233][704,3250]
Exactly [933,3196][972,3212]
7.50 [941,3233][965,3250]
Under [1196,3196][1231,3212]
2.00 [1202,3233][1226,3250]
Alternative Corners [310,3286][447,3306]
BB [1280,3289][1294,3303]
1 [427,3365][434,3382]
2 [427,3410][434,3427]
3 [427,3455][434,3472]
4 [427,3500][434,3517]
5 [427,3545][434,3562]
6 [427,3590][434,3607]
Over [678,3328][705,3344]
1.001 [677,3365][707,3382]
1.004 [677,3410][707,3427]
1.012 [677,3455][707,3472]
1.04 [680,3500][704,3517]
1.10 [680,3545][704,3562]
1.22 [680,3590][704,3607]
Exactly [933,3328][972,3344]
101.00 [934,3365][972,3382]
41.00 [938,3410][968,3427]
26.00 [938,3455][968,3472]
17.00 [938,3500][968,3517]
12.00 [938,3545][968,3562]
9.00 [941,3590][965,3607]
Under [1196,3328][1231,3344]
101.00 [1195,3365][1233,3382]
51.00 [1199,3410][1229,3427]
41.00 [1199,3455][1229,3472]
23.00 [1199,3500][1229,3517]
13.00 [1199,3545][1229,3562]
7.00 [1202,3590][1226,3607]
Show more [778,3636][848,3653]
Match Goals Range [310,3688][446,3708]
Main [1183,3690][1209,3705]
All [1226,3690][1240,3705]
BB [1280,3691][1294,3705]
Match Goals [310,3777][381,3794]
Yes [944,3735][961,3751]
2-4 [1074,3734][1092,3750]
1.57 [941,3777][965,3794]
No [1205,3735][1222,3751]
2.25 [1202,3777][1226,3794]
Team Goals Range [310,3830][439,3850]
BB [1280,3833][1294,3847]
Both Teams to Receive Cards [310,3887][512,3907]
BB [1280,3890][1294,3904]
a Card [310,3966][347,3983]
2+ Cards [310,4011][362,4028]
Yes [944,3929][961,3945]
1.22 [941,3966][965,3983]
2.10 [941,4011][965,4028]
No [1205,3929][1222,3945]
4.00 [1202,3966][1226,3983]
1.66 [1202,4011][1226,4028]
Draw No Bet [310,4064][400,4084]
Scotland [311,4114][361,4131]
3.25 [367,4114][391,4131]
Switzerland [833,4114][899,4131]
1.33 [905,4114][928,4131]
Handicap Result [310,4167][424,4187]
BB [1280,4170][1294,4184]
Alternative Handicap Result [310,4224][506,4244]
BB [1280,4227][1294,4241]
Handicap 2-Way [310,4281][426,4301]
BB [1280,4284][1294,4298]
1st Half Handicap 2-Way [310,4338][485,4358]
BB [1280,4341][1294,4355]
1st Half Goals Range [310,4395][456,4415]
BB [1280,4398][1294,4412]
2nd Half Goals Range [310,4452][462,4472]
BB [1280,4455][1294,4469]
Results/Goals Range [310,4509][454,4529]
Double Chance/Goals Range [310,4566][510,4586]
Information and transmission delays [728,4706][903,4721]
Help [442,4776][473,4795]
Deposits [442,4818][492,4835]
Withdrawals [442,4858][513,4875]
Contact Us [442,4898][504,4915]
bet365 FAQ [442,4938][509,4955]
Terms and Conditions [442,4978][566,4995]
Safer Gambling [442,5018][530,5035]
Technical Issues [442,5058][532,5075]
Privacy Policy [442,5098][519,5115]
Cookie Policy [442,5138][518,5155]
Fair Payouts [442,5178][510,5195]
Complaints Procedure [442,5218][569,5235]
Rules [442,5258][473,5275]
Deposit Limits [442,5298][523,5315]
Sites [442,5356][473,5375]
Careers [442,5398][485,5415]
Partners [442,5438][489,5455]
Sports & Betting News [442,5478][572,5495]
Form & Stats [699,4776][785,4795]
Football Stats [699,4818][777,4835]
Sports Stats [699,4858][767,4875]
Horse Racing Archive [699,4898][821,4915]
Australian Horse Form [699,4938][827,4955]
Scores & Results [699,4996][808,5015]
Live Scores [699,5038][763,5055]
Results [699,5078][740,5095]
Settings [957,4776][1010,4795]
Language [957,4818][1013,4835]
Odds Display [957,4858][1032,4875]
Audio [957,4916][996,4935]
Horse Racing [957,4958][1033,4975]
Greyhounds [957,4998][1026,5015]
Football [957,5038][1003,5055]
Cricket [957,5078][996,5095]
Registered Office: Hillside (UK Sports) ENC (registration number P1892) and Hillside (UK Gaming) ENC (registration number P1888), Office 1/2373, Level G, Quantum House, 75 Abate Rigord Street, Ta’ Xbiex, XBX 1120, Malta. [442,5714][772,5746]
Hillside (UK Sports) ENC is licensed and regulated by the British Gambling Commission ( [442,5768][868,5783]
Account Number 55148 [868,5768][983,5783]
). [983,5768][989,5783]
Hillside (UK Gaming) ENC is licensed and regulated by the British Gambling Commission ( [442,5805][875,5820]
Account Number 55149 [875,5805][990,5820]
). [990,5805][996,5820]
© 2001-2026 bet365. All rights reserved. [442,5842][639,5857]
Server Time 20:32:50 UK [442,5874][569,5889]
By accessing, continuing to use or navigating throughout this site you accept that we will use certain browser cookies to improve your customer experience with us. bet365 only uses cookies which will improve your experience with us and will not interfere with your privacy. Please refer to our [442,5911][1100,5943]
Cookies Policy [1100,5928][1174,5943]
for further information on our use of cookies and how you can disable or manage their use should you wish. [1174,5928][949,5960]
This site is protected by reCAPTCHA and the Google [442,5997][698,6012]
Privacy Policy [698,5997][762,6012]
and [762,5997][787,6012]
Terms of Service [787,5997][865,6012]
apply. [865,5997][897,6012]
Partners [442,6071][491,6088]