x [479,649][489,659] 60
Draw [499,649][537,660] 95
3.50 [874,649][902,660] 95
Full [499,669][519,679] 96
Time [524,669][554,679] 95
Result [559,669][595,679] 96
Scotland [499,687][543,696] 93
Switzerland [557,687][616,696] 96
v [548,690][553,696] 92
eas” [485,732][543,756] 48
Platinum [555,735][600,743] 91
£97,597.66 [606,735][662,744] 92
£0.50 [829,743][854,750] 95
Last [555,752][572,759] 96
00:02:36 [600,752][637,759] 96
won: [575,754][596,759] 96
~ [483,758][487,759] 56
® [480,761][490,768] 51
Place [769,802][808,818] 96
Bet [816,802][841,818] 95
Stake [510,803][554,816] 95
Set [479,804][504,816] 96