Draw [499,649][537,660] 96
3.50 [874,649][902,660] 95
Full [499,669][519,679] 96
Time [524,669][554,679] 95
Result [559,669][595,679] 96
Scotland [499,687][543,696] 93
Switzerland [557,687][616,696] 96
v [548,690][553,696] 92
sy [485,735][492,746] 45
Bronze [555,735][590,743] 95
£71.47 [596,735][629,743] 96
£0.50 [829,743][854,750] 96
Last [555,752][572,759] 96
20:30:52 [600,752][637,759] 96
won: [575,754][593,759] 96
@® [480,758][490,768] 38
Remember [630,793][682,801] 95
Stake [477,794][503,802] 96
Place [769,796][809,808] 96
Bet [815,797][841,808] 96
® [644,809][658,823] 37
£0.10 [478,811][526,824] 96
To [763,817][775,825] 97
Return [779,817][813,825] 96
£0.35 [817,817][844,825] 96