720x1600
11:32 [56,16][116,37]
O [128,16][148,37]
G [30,82][59,114]
bet365 [19,176][169,209]
o [107,85][134,109]
bet365.com/#/AC/B1 [153,85][427,109]
+ [476,83][505,112]
Poland [178,268][244,288]
1 [253,268][260,288]
Liga [271,268][311,288]
Women [318,268][393,288]
27 [414,268][438,288]
Sep [445,268][481,288]
12:00 [490,268][542,288]
Popular [35,412][112,435]
Bet [155,413][186,430]
Builder [194,413][262,432]
Game [305,415][362,431]
Game [39,523][108,546]
Lines [119,522][183,545]
Home [44,1473][92,1486]
LKS [100,324][151,352]
KK [161,324][197,352]
Lodz [207,324][269,352]
(W) [279,324][324,352]
vs [333,324][362,352]
Sparta [372,324][459,352]
Ziebice [469,324][566,352]
(W) [576,324][620,352]
LKS [39,670][80,693]
KK [88,670][117,693]
Lodz [125,670][175,693]
(W) [184,670][219,693]
Sparta [39,755][107,779]
Ziebice [116,755][193,779]
(W) [201,755][237,779]
All [185,1470][204,1490]
Sports [202,1470][256,1490]
Spread [286,598][355,623]
+1.0 [301,655][343,671]
1.83 [301,688][345,705]
-1.0 [304,740][340,756]
Ca [481,15][504,38]
l [559,15][565,38]
100% [586,15][647,38]
1.83 [301,773][344,790]
((o) [345,1419][388,1449]
In-Play [338,1472][396,1489]
Total [448,599][497,618]
O [437,655][449,671]
136.5 [458,655][512,671]
1.83 [452,688][495,705]
U [452,737][458,759]
136.5 [458,737][512,759]
1.83 [452,773][496,790]
17 [577,92][594,104]
My [476,1473][501,1489]
Bets [507,1473][543,1489]
Money [569,597][637,626]
Li. [650,597][665,626]
1.86 [604,672][648,689]
V [660,530][683,542]
1.80 [604,757][648,774]
Casino [623,1472][680,1486]
