720x1600
10:28 [56,15][118,36]
G [30,82][59,114]
bet365 [19,176][169,209]
o [107,85][134,109]
bet365.com/#/AC/B1 [153,85][429,109]
+ [476,83][505,112]
Ciuc [19,359][77,387]
(W) [87,360][131,388]
Popular [36,451][112,473]
Bet [155,452][187,467]
Builder [193,452][259,467]
Result [307,452][366,468]
Farul [21,324][85,351]
Constanta [95,324][231,351]
(W) [241,324][286,351]
v [295,324][310,351]
FK [319,324][353,351]
Csikszereda [362,324][525,351]
Miercurea [535,324][669,351]
Full [39,562][81,583]
Time [90,562][153,583]
Result [163,562][241,583]
Farul [49,637][99,655]
Constanta [108,637][217,655]
(w) [115,668][150,692]
Romania [169,266][254,288]
Liga [263,266][302,288]
1 [319,266][325,288]
Women [328,266][402,288]
27 [424,266][447,288]
Sep [455,266][491,288]
11:00 [499,266][552,288]
1.36 [111,706][155,723]
Double [39,788][125,809]
Chance [134,788][227,809]
Goals [39,895][108,917]
Over/Under [118,895][261,917]
2.5 [88,1043][120,1060]
Home [44,1473][92,1486]
Correct [39,1143][131,1163]
Score [140,1143][211,1163]
Farul [89,1232][138,1253]
Constanta [145,1233][247,1255]
(W) [255,1234][287,1255]
0 [179,1304][197,1329]
All [185,1470][204,1490]
Sports [202,1470][256,1490]
Draw [335,638][387,655]
5.25 [339,706][381,723]
Over [295,973][340,989]
1.36 [296,1043][341,1060]
Ca [481,15][504,38]
l [559,15][565,38]
100% [586,15][647,38]
(o) [345,1419][388,1449]
Goals [409,452][462,468]
In-Play [338,1472][396,1489]
£4.07 [536,180][588,199]
(+) [598,180][621,200]
14 [577,92][594,104]
Half [507,451][544,468]
Asian [588,452][642,468]
Lines [651,452][701,468]
FK [506,636][532,654]
Csikszereda [540,636][669,655]
Miercurea [509,668][614,691]
Ciuc.. [633,668][681,691]
Main [494,1142][538,1159]
My [476,1473][501,1489]
Bets [507,1473][543,1489]
5.75 [566,706][611,723]
Under [544,972][603,989]
FK [354,1235][379,1256]
Csikszereda [385,1235][508,1256]
Miercurea [516,1235][616,1256]
Ciuc [623,1235][667,1256]
(W) [674,1235][708,1256]
3.00 [551,1043][596,1060]
AI [574,1144][597,1158]
Casino [623,1472][680,1486]
