720x1600
11:26 [56,17][116,36]
G [30,82][59,114]
bet365 [19,176][169,208]
o [107,85][134,109]
bet365.com/#/AC/B1 [153,85][427,109]
Popular [35,412][112,435]
Botas [39,667][98,693]
(W) [107,668][143,693]
Game [39,523][108,545]
Lines [119,522][183,544]
1st [40,855][75,878]
Half [85,854][135,877]
Botas [39,999][99,1025]
(W) [107,1002][142,1026]
CBK [39,755][83,779]
Mersin [92,755][163,779]
(W) [172,755][208,779]
Botas [40,1334][99,1357]
(W) [108,1334][143,1357]
G [38,1458][94,1474]
Türkiye [151,265][222,289]
TKBSL [227,265][289,289]
Women [296,265][371,289]
27 [392,265][415,289]
Sep [423,265][459,289]
12:00 [467,265][520,289]
Bet [155,413][187,431]
Builder [194,413][261,433]
CBK [38,1084][83,1107]
Mersin [91,1084][162,1109]
(W) [171,1085][206,1109]
Home [44,1473][92,1486]
Botas [147,324][221,351]
(W) [232,324][276,351]
vs [286,324][315,351]
CBK [325,324][381,351]
Mersin [391,324][481,351]
(W) [492,324][536,351]
1st [40,1189][77,1212]
Quarter [86,1189][180,1212]
All [175,1472][196,1490]
Sports [202,1472][256,1490]
Game [305,415][362,431]
Team [403,415][458,431]
Spread [286,598][355,623]
+3.0 [301,655][343,671]
1.83 [301,688][344,705]
-3.0 [304,740][340,756]
1.83 [301,773][344,790]
Spread [287,933][356,955]
+2.5 [301,987][343,1003]
1.83 [301,1020][344,1037]
-2.5 [305,1072][340,1088]
1.83 [301,1105][344,1122]
Spread [287,1265][356,1287]
+1.5 [301,1319][343,1335]
1.83 [301,1352][344,1369]
Ca [481,15][504,38]
l [559,15][565,38]
100% [587,15][648,38]
(o) [345,1419][388,1449]
+ [476,83][505,112]
In-Play [338,1472][396,1490]
Total [448,601][495,617]
O [436,654][448,672]
157.5 [457,652][510,671]
1.83 [452,688][496,705]
U [451,737][457,759]
157.5 [458,737][512,759]
1.83 [452,773][496,790]
Total [449,933][498,950]
O [443,987][456,1003]
80.5 [464,987][506,1003]
1.83 [452,1020][496,1037]
Quarter [501,415][574,433]
U [458,1069][463,1089]
80.5 [462,1068][503,1088]
1.83 [452,1105][496,1122]
Total [449,1265][497,1282]
0 [443,1319][456,1335]
41.5 [463,1319][505,1335]
1.83 [452,1352][496,1369]
£4.07 [536,179][588,199]
() [597,181][621,200]
17 [577,92][594,104]
My [476,1473][501,1489]
Bets [507,1473][543,1489]
BB [583,527][606,542]
Money [569,601][636,623]
Li.. [643,601][675,623]
2.20 [603,672][648,689]
1.60 [604,757][648,774]
BB [583,859][606,874]
Money [569,930][634,957]
Li. [649,930][666,956]
2.22 [603,1004][648,1021]
1.58 [604,1089][648,1106]
BB [583,1191][606,1206]
Money [569,1265][636,1287]
Li... [643,1265][674,1287]
2.12 [603,1334][646,1352]
Casino [623,1472][680,1486]
